Source,NCIP,Separated,Date,freq
SIM,3,NO,1975,1440
SIM,3,NO,1974,1465
SIM,3,NO,1973,1487
SIM,3,NO,1972,1551
SIM,3,NO,1979,1482
SIM,3,NO,1978,1501
SIM,3,NO,1977,1493
SIM,3,NO,1976,1558
STAT,2,NA,1780,35889.69026921723
STAT,2,NA,1781,37102.733846774885
STAT,2,NA,1782,38301.53185145877
SIM,3,NO,1971,1545
STAT,2,NA,1783,39485.84439033788
SIM,3,NO,1970,1487
STAT,2,NA,1784,40655.02207657323
STAT,2,NA,1785,41808.719396706896
STAT,2,NA,1786,42945.874677457614
STAT,2,NA,1776,30897.45867896309
STAT,2,NA,1777,32167.191733964122
STAT,2,NA,1778,33421.60626035212
STAT,2,NA,1779,34662.88483144794
SIM,3,NO,1969,1443
SIM,3,NO,1964,1453
SIM,3,NO,1963,1569
SIM,3,NO,1962,1478
SIM,3,NO,1961,1498
SIM,3,NO,1968,1503
SIM,3,NO,1967,1467
SIM,3,NO,1966,1541
SIM,3,NO,1965,1486
STAT,2,NA,1790,47317.151662735654
STAT,2,NA,1791,48361.28413042224
STAT,2,NA,1792,49383.89618623457
STAT,2,NA,1793,50383.922166088465
SIM,3,NO,1960,1548
STAT,2,NA,1794,51360.224660169304
STAT,2,NA,1795,52311.62874681513
STAT,2,NA,1796,53236.75414075075
STAT,2,NA,1797,54134.32874612986
STAT,2,NA,1787,44065.96441697171
STAT,2,NA,1788,45168.431075386485
STAT,2,NA,1789,46252.40372938075
SIM,3,NO,1959,1517
SIM,3,NO,1958,1482
SIM,3,NO,1953,1474
STAT,5+,NA,1893,9835.505517706148
SIM,3,NO,1952,1490
STAT,5+,NA,1894,9833.598464903345
SIM,3,NO,1951,1582
STAT,5+,NA,1891,9839.32085836633
SIM,3,NO,1950,1480
STAT,5+,NA,1892,9837.412996251478
SIM,3,NO,1957,1477
STAT,5+,NA,1897,9827.880213949069
SIM,3,NO,1956,1556
STAT,5+,NA,1898,9825.975166061806
SIM,3,NO,1955,1467
STAT,5+,NA,1895,9831.691877227426
SIM,3,NO,1954,1500
STAT,5+,NA,1896,9829.78578753103
STAT,5+,NA,1899,9824.070647328375
STAT,2,NA,1798,55003.097047424744
STAT,2,NA,1799,55841.65563114214
SIM,3,NO,1949,1447
SIM,3,NO,1948,1517
SIM,3,NO,1947,1516
SIM,3,NO,1942,1517
STAT,5+,NA,1882,9856.501699278497
SIM,3,NO,1941,1509
STAT,5+,NA,1883,9854.59218466773
SIM,3,NO,1940,1494
STAT,5+,NA,1880,9860.321211432092
STAT,5+,NA,1881,9858.411359583792
SIM,3,NO,1946,1529
STAT,5+,NA,1886,9848.86426730649
SIM,3,NO,1945,1453
STAT,5+,NA,1887,9846.955201845058
SIM,3,NO,1944,1523
STAT,5+,NA,1884,9852.68277155945
SIM,3,NO,1943,1472
STAT,5+,NA,1885,9850.773472563256
STAT,5+,NA,1888,9845.046286095969
STAT,5+,NA,1889,9843.13755691446
SIM,3,NO,1939,1538
SIM,3,NO,1938,1469
SIM,3,NO,1937,1538
SIM,3,NO,1936,1493
STAT,5+,NA,1890,9841.22906320238
SIM,3,NO,1931,1557
STAT,5+,NA,1871,9877.52910391779
SIM,3,NO,1930,1505
STAT,5+,NA,1872,9875.614538370533
STAT,5+,NA,1870,9879.444451285048
SIM,3,NO,1935,1500
STAT,5+,NA,1875,9869.875413445956
SIM,3,NO,1934,1492
STAT,5+,NA,1876,9867.963667761756
SIM,3,NO,1933,1503
STAT,5+,NA,1873,9873.700764294523
SIM,3,NO,1932,1509
STAT,5+,NA,1874,9871.787738253322
STAT,5+,NA,1879,9862.23127450757
STAT,5+,NA,1877,9866.052433072882
STAT,5+,NA,1878,9864.14167309826
SIM,3,NO,1928,1578
SIM,3,NO,1927,1529
SIM,3,NO,1926,1513
SIM,3,NO,1925,1449
SIM,3,NO,1929,1511
SIM,3,NO,1920,1551
STAT,5+,NA,1860,9898.630988296663
STAT,5+,NA,1861,9896.710980684093
SIM,3,NO,1924,1516
STAT,5+,NA,1864,9890.951438743557
SIM,3,NO,1923,1492
STAT,5+,NA,1865,9889.032117715751
SIM,3,NO,1922,1557
STAT,5+,NA,1862,9894.79098055345
SIM,3,NO,1921,1511
STAT,5+,NA,1863,9892.871096511557
STAT,5+,NA,1868,9883.277428971927
STAT,5+,NA,1869,9881.360569900515
STAT,5+,NA,1866,9887.113274168467
STAT,5+,NA,1867,9885.195027854244
SIM,3,NO,1917,1514
SIM,3,NO,1916,1544
SIM,3,NO,1915,1475
SIM,3,NO,1914,1504
SIM,3,NO,1919,1562
SIM,3,NO,1918,1499
STAT,5+,NA,1850,9917.819846705863
SIM,3,NO,1913,1434
STAT,5+,NA,1853,9912.063439925421
SIM,3,NO,1912,1563
STAT,5+,NA,1854,9910.145584775866
SIM,3,NO,1911,1522
STAT,5+,NA,1851,9915.900004766308
SIM,3,NO,1910,1556
STAT,5+,NA,1852,9913.981547934074
STAT,5+,NA,1857,9904.389827285304
STAT,5+,NA,1858,9902.470581148948
STAT,5+,NA,1855,9908.227310635391
STAT,5+,NA,1856,9906.308724677587
STAT,2,NA,1760,6239.57673667772
STAT,2,NA,1761,8066.256437529579
STAT,2,NA,1762,9915.706451330601
STAT,5+,NA,1859,9900.550929332465
STAT,2,NA,1763,11739.671356875671
STAT,2,NA,1764,13514.7713784539
STAT,2,NA,1755,1231.6035007126038
STAT,2,NA,1756,1112.939179918217
STAT,2,NA,1757,1786.722443369224
STAT,2,NA,1758,2985.423106109414
STAT,2,NA,1759,4514.995689410995
SIM,3,NO,1906,1505
SIM,3,NO,1905,1501
SIM,3,NO,1904,1511
SIM,3,NO,1903,1488
SIM,3,NO,1909,1562
SIM,3,NO,1908,1529
SIM,3,NO,1907,1604
SIM,3,NO,1902,1498
STAT,5+,NA,1842,9933.343701564247
SIM,3,NO,1901,1535
STAT,5+,NA,1843,9931.35899189638
SIM,3,NO,1900,1500
STAT,5+,NA,1840,9937.454364324873
STAT,5+,NA,1841,9935.368479285731
STAT,5+,NA,1846,9925.516332494693
STAT,5+,NA,1847,9923.587186691304
STAT,5+,NA,1844,9929.396865749799
STAT,2,NA,1770,22884.508028851455
STAT,5+,NA,1845,9927.4519770562
STAT,2,NA,1771,24282.74144589892
STAT,2,NA,1772,25649.294512648892
STAT,2,NA,1773,26988.875482204283
STAT,5+,NA,1848,9921.662539831545
STAT,2,NA,1774,28310.45879311857
STAT,5+,NA,1849,9919.740047261022
STAT,2,NA,1775,29611.910028994283
STAT,2,NA,1765,15225.420964757925
STAT,2,NA,1766,16870.748876610854
STAT,2,NA,1767,18450.864338610634
STAT,2,NA,1768,19972.293547402583
STAT,2,NA,1769,21450.559360869538
STAT,4,NA,1861,20358.821954075658
STAT,4,NA,1860,20362.769157345025
STAT,4,NA,1865,20343.034634413856
STAT,4,NA,1864,20346.98100706394
STAT,4,NA,1863,20350.927764806842
STAT,4,NA,1862,20354.87478637361
STAT,4,NA,1858,20370.663321603948
STAT,4,NA,1857,20374.609873480153
STAT,4,NA,1856,20378.556244908177
STAT,4,NA,1855,20382.502572157486
STAT,4,NA,1859,20366.716381959697
STAT,4,NA,1872,20315.434375188215
STAT,4,NA,1871,20319.37388599014
STAT,4,NA,1870,20323.314667116723
STAT,4,NA,1876,20299.68981122678
STAT,4,NA,1875,20303.62403967742
STAT,4,NA,1874,20307.559459589924
STAT,4,NA,1873,20311.496233923488
STAT,4,NA,1869,20327.25664271729
STAT,4,NA,1868,20331.199710113113
STAT,4,NA,1867,20335.143844373662
STAT,4,NA,1866,20339.08885173629
STAT,4,NA,1843,20429.876119429046
STAT,4,NA,1842,20433.79873450227
STAT,4,NA,1841,20437.6968394552
STAT,4,NA,1840,20441.544796037128
STAT,4,NA,1836,20455.646935387747
STAT,4,NA,1835,20458.443058547622
STAT,4,NA,1834,20460.623593673026
STAT,4,NA,1833,20461.9947460083
STAT,4,NA,1839,20445.316137031918
STAT,4,NA,1838,20448.966553217855
STAT,4,NA,1837,20452.44599028533
STAT,4,NA,1850,20402.238905998096
STAT,4,NA,1854,20386.448849779852
STAT,4,NA,1853,20390.3948022062
STAT,4,NA,1852,20394.341585049595
STAT,4,NA,1851,20398.289103339524
STAT,4,NA,1847,20414.089479271075
STAT,4,NA,1846,20418.040400683298
STAT,4,NA,1845,20421.990243655582
STAT,4,NA,1844,20425.93526050772
STAT,4,NA,1849,20406.188100340747
STAT,4,NA,1848,20410.139100420336
STAT,4,NA,1821,20250.5967257193
STAT,4,NA,1820,20195.805397313445
STAT,4,NA,1814,19669.35503557816
STAT,4,NA,1813,19544.968752501878
STAT,4,NA,1812,19409.290319208212
STAT,4,NA,1811,19261.74268711123
STAT,4,NA,1818,20059.71224320895
STAT,4,NA,1817,19977.446022465654
STAT,4,NA,1816,19885.179152601617
STAT,4,NA,1815,19782.620780206584
STAT,4,NA,1819,20132.377026118644
STAT,4,NA,1832,20462.24340579778
STAT,4,NA,1831,20461.02050165106
STAT,4,NA,1830,20457.928654029427
STAT,4,NA,1825,20395.563821689022
STAT,4,NA,1824,20369.217201220243
STAT,4,NA,1823,20336.714492730247
STAT,4,NA,1822,20297.3388200882
STAT,4,NA,1829,20452.469348764014
STAT,4,NA,1828,20444.1798711588
STAT,4,NA,1827,20432.344316598024
STAT,4,NA,1826,20416.393651366612
SIM,5+,YES,1929,1
STAT,4,NA,1810,19102.386987609774
STAT,4,NA,1803,17642.281074992563
STAT,4,NA,1802,17384.702945421413
STAT,4,NA,1801,17115.436508676208
STAT,4,NA,1800,16834.597994220403
STAT,4,NA,1807,18550.876058430593
STAT,4,NA,1806,18342.306045863086
STAT,4,NA,1805,18121.287057485984
STAT,4,NA,1804,17887.94272175403
STAT,4,NA,1809,18930.829140386748
STAT,4,NA,1808,18746.96415218214
SIM,1,NO,1930,4567
SIM,1,NO,1931,4594
SIM,1,NO,1932,4591
SIM,1,NO,1933,4618
SIM,1,NO,1923,4605
SIM,1,NO,1924,4499
SIM,1,NO,1925,4617
SIM,1,NO,1926,4610
SIM,1,NO,1927,4588
SIM,1,NO,1928,4592
SIM,1,NO,1929,4686
SIM,1,NO,1920,4544
SIM,1,NO,1921,4547
SIM,1,NO,1922,4604
SIM,1,NO,1912,4543
SIM,1,NO,1913,4637
SIM,1,NO,1914,4636
SIM,1,NO,1915,4630
SIM,1,NO,1916,4602
SIM,1,NO,1917,4633
SIM,1,NO,1918,4594
SIM,1,NO,1919,4658
SIM,1,NO,1950,4591
SIM,1,NO,1951,4514
SIM,1,NO,1952,4541
SIM,1,NO,1953,4559
SIM,1,NO,1954,4585
SIM,1,NO,1955,4579
SIM,1,NO,1945,4559
SIM,1,NO,1946,4562
SIM,1,NO,1947,4589
SIM,1,NO,1948,4583
SIM,1,NO,1949,4613
SIM,1,NO,1940,4571
SIM,1,NO,1941,4591
SIM,1,NO,1942,4586
SIM,1,NO,1943,4509
SIM,1,NO,1944,4576
SIM,1,NO,1934,4652
SIM,1,NO,1935,4593
SIM,1,NO,1936,4552
SIM,1,NO,1937,4620
SIM,1,NO,1938,4588
SIM,1,NO,1939,4657
STAT,1,YES,1999,13.636646380923183
STAT,1,YES,1998,13.639289951495016
STAT,1,YES,1997,13.641934002895256
STAT,4,NA,1899,20209.398057933162
STAT,1,YES,1989,13.66310343323859
STAT,1,YES,1988,13.665751795238684
STAT,1,YES,1987,13.668400674635777
STAT,1,YES,1986,13.671050084968458
STAT,1,YES,1996,13.644578529225834
STAT,1,YES,1995,13.647223526236418
STAT,1,YES,1994,13.649868991687656
STAT,1,YES,1993,13.652514925625402
STAT,1,YES,1992,13.655161330549433
STAT,1,YES,1991,13.657808211465344
STAT,1,YES,1990,13.660455575811557
SIM,1,NO,1910,4654
SIM,1,NO,1911,4589
STAT,4,NA,1883,20272.17730644693
STAT,4,NA,1882,20276.10545123559
STAT,4,NA,1881,20280.034172241536
STAT,4,NA,1880,20283.96356976425
STAT,4,NA,1887,20256.46920498386
STAT,4,NA,1886,20260.395597898954
STAT,4,NA,1885,20264.32242140325
STAT,4,NA,1884,20268.24963142845
SIM,1,NO,1909,4600
STAT,4,NA,1879,20287.89367845225
STAT,4,NA,1878,20291.824719926943
STAT,4,NA,1877,20295.756707512584
SIM,1,NO,1901,4647
SIM,1,NO,1902,4603
SIM,1,NO,1903,4659
SIM,1,NO,1904,4657
SIM,1,NO,1905,4620
SIM,1,NO,1906,4593
SIM,1,NO,1907,4600
SIM,1,NO,1908,4606
STAT,4,NA,1890,20244.692539906708
SIM,1,NO,1900,4583
STAT,4,NA,1894,20228.998135010803
STAT,4,NA,1893,20232.920716250344
STAT,4,NA,1892,20236.844017581574
STAT,4,NA,1891,20240.767975951905
STAT,4,NA,1898,20213.316225044116
STAT,4,NA,1897,20217.235347193902
STAT,4,NA,1896,20221.155397072496
STAT,4,NA,1895,20225.076340765267
STAT,4,NA,1889,20248.617639410295
STAT,4,NA,1888,20252.54321111426
SIM,2,NO,2006,3206
SIM,2,NO,2007,3180
SIM,2,NO,2004,3204
SIM,2,NO,2005,3309
STAT,5+,NA,1831,9974.957567802725
STAT,5+,NA,1832,9966.943336403028
SIM,2,NO,2008,3230
SIM,2,NO,2009,3215
STAT,5+,NA,1830,9984.733308659424
SIM,2,YES,1874,11
STAT,5+,NA,1835,9950.901305670157
SIM,2,YES,1875,12
STAT,1,YES,1959,13.742783357299711
STAT,5+,NA,1836,9947.504717306761
SIM,2,YES,1872,12
STAT,1,YES,1958,13.745446861203453
STAT,5+,NA,1833,9960.41152266151
SIM,2,YES,1873,11
STAT,1,YES,1957,13.74811098528922
STAT,5+,NA,1834,9955.060417488177
SIM,2,NO,2002,3209
SIM,2,YES,1878,12
STAT,5+,NA,1839,9939.644240800335
STAT,1,YES,1956,13.750775761881265
SIM,2,NO,2003,3246
SIM,2,YES,1879,11
STAT,1,YES,1955,13.753441218362493
SIM,2,NO,2000,3262
SIM,2,YES,1876,11
STAT,5+,NA,1837,9944.628033094383
STAT,1,YES,1954,13.756107375143348
SIM,2,NO,2001,3131
SIM,2,YES,1877,11
STAT,5+,NA,1838,9942.013150498691
STAT,1,YES,1953,13.758774243837014
STAT,1,YES,1963,13.73213482975919
STAT,1,YES,1962,13.734796208858889
STAT,1,YES,1961,13.737458067284985
STAT,1,YES,1960,13.740120438176564
SIM,2,YES,1870,12
SIM,2,YES,1871,11
STAT,1,NO,2015,4205.654378124923
STAT,1,NO,2016,4204.8392946096155
SIM,2,YES,1869,12
STAT,5+,NA,1820,10228.471815165442
STAT,1,NO,2011,4208.916318748537
STAT,5+,NA,1821,10192.942783749091
STAT,1,NO,2012,4208.100589542007
STAT,1,NO,2013,4207.285024017023
STAT,1,NO,2014,4206.469620731103
SIM,2,YES,1863,11
STAT,1,YES,1949,13.769448702404883
STAT,5+,NA,1824,10098.157752518413
SIM,2,YES,1864,11
SIM,2,NO,2010,3240
STAT,5+,NA,1825,10071.710838944071
STAT,1,YES,1948,13.772118935990154
SIM,2,YES,1861,11
STAT,1,YES,1947,13.774789732029072
STAT,5+,NA,1822,10159.095453510181
SIM,2,YES,1862,12
STAT,5+,NA,1823,10127.485292163909
STAT,1,YES,1946,13.777461034554383
STAT,1,NO,2010,4209.7322128744145
SIM,2,NO,2013,3169
SIM,2,YES,1867,11
STAT,5+,NA,1828,10011.087272638706
STAT,1,YES,1945,13.780132784337367
SIM,2,NO,2014,3214
SIM,2,YES,1868,10
STAT,1,YES,1944,13.782804921983125
STAT,5+,NA,1829,9996.57423707267
SIM,2,NO,2011,3205
SIM,2,YES,1865,12
STAT,1,YES,1943,13.785477391042244
STAT,5+,NA,1826,10048.45534042116
SIM,2,NO,2012,3204
SIM,2,YES,1866,11
STAT,1,YES,1942,13.788150140954372
STAT,5+,NA,1827,10028.148984228641
STAT,1,YES,1952,13.761441825825077
STAT,1,YES,1951,13.764110111541054
STAT,1,YES,1950,13.766779080682735
SIM,2,YES,1860,12
STAT,5+,NA,1810,10487.405411869846
SIM,2,YES,1896,11
STAT,5+,NA,1813,10453.439015673153
SIM,2,YES,1897,11
STAT,5+,NA,1814,10430.204838478245
SIM,2,YES,1894,12
STAT,5+,NA,1811,10482.66379712982
SIM,2,YES,1895,11
STAT,5+,NA,1812,10471.263815675253
STAT,1,YES,1979,13.6896117834681
STAT,1,YES,1978,13.692265781618701
STAT,5+,NA,1817,10337.083457014234
STAT,5+,NA,1818,10301.35830603196
STAT,1,YES,1977,13.694920351814458
SIM,2,YES,1898,12
STAT,5+,NA,1815,10402.411838954682
STAT,1,YES,1976,13.697575481008991
SIM,2,YES,1899,11
STAT,1,YES,1975,13.700231152667532
STAT,5+,NA,1816,10370.902274910903
STAT,1,YES,1985,13.673700039814646
STAT,1,YES,1984,13.67635055206034
STAT,5+,NA,1819,10264.844906755434
STAT,1,YES,1983,13.67900163313857
STAT,1,YES,1982,13.681653292271012
SIM,2,YES,1892,11
STAT,1,YES,1981,13.684305535772989
SIM,2,YES,1893,11
STAT,1,YES,1980,13.686958366502237
SIM,2,YES,1890,11
SIM,2,YES,1891,11
SIM,2,YES,1885,11
STAT,5+,NA,1802,10217.327548823008
SIM,2,YES,1886,11
STAT,5+,NA,1803,10283.0249649845
SIM,2,YES,1883,11
STAT,1,YES,1969,13.716175419475734
STAT,5+,NA,1800,10058.321261496867
SIM,2,YES,1884,12
STAT,1,YES,1968,13.718834318382923
STAT,5+,NA,1801,10142.449399095663
SIM,2,YES,1889,12
STAT,1,YES,1967,13.721493615319666
STAT,5+,NA,1806,10424.661423317351
STAT,1,YES,1966,13.724153307719913
STAT,5+,NA,1807,10453.342355459
SIM,2,YES,1887,10
STAT,1,YES,1965,13.726813399461985
STAT,5+,NA,1804,10339.687304063234
SIM,2,YES,1888,12
STAT,1,YES,1964,13.729473901092307
STAT,5+,NA,1805,10386.810589620236
STAT,1,YES,1974,13.702887347446232
STAT,1,YES,1973,13.70554404409326
STAT,1,YES,1972,13.708201220519793
STAT,5+,NA,1808,10473.024241748864
STAT,1,YES,1971,13.710858854959026
STAT,5+,NA,1809,10484.358832951122
SIM,2,YES,1881,11
STAT,1,YES,1970,13.713516927130362
SIM,2,YES,1882,11
SIM,2,YES,1880,12
SIM,3,NO,1898,1543
SIM,1,NO,1970,4495
SIM,3,NO,1897,1510
SIM,1,NO,1971,4616
SIM,3,NO,1896,1512
SIM,1,NO,1972,4547
SIM,3,NO,1895,1551
SIM,1,NO,1973,4593
SIM,3,YES,2014,2
SIM,1,NO,1974,4521
SIM,1,NO,1975,4586
STAT,1,YES,1919,13.849757229334447
SIM,1,NO,1976,4562
STAT,1,YES,1918,13.852444750114605
SIM,1,NO,1977,4576
SIM,3,NO,1899,1566
STAT,1,YES,1917,13.855132504268507
SIM,3,NO,1890,1489
STAT,1,YES,1916,13.857820332651572
STAT,1,YES,1915,13.860508097692119
STAT,1,YES,1914,13.863195680160148
STAT,1,YES,1913,13.86588298617656
SIM,3,NO,1894,1487
STAT,1,YES,1912,13.868569953547011
SIM,3,NO,1893,1556
STAT,1,YES,1911,13.871256565209581
SIM,3,NO,1892,1520
STAT,1,YES,1910,13.87394286435025
SIM,3,NO,1891,1555
SIM,1,NO,1967,4582
SIM,1,NO,1968,4472
SIM,1,NO,1969,4521
SIM,3,YES,2013,1
SIM,3,YES,2012,2
SIM,3,YES,2011,1
SIM,3,YES,2010,2
SIM,3,NO,1887,1568
SIM,3,NO,1886,1590
SIM,1,NO,1960,4567
SIM,1,NO,1961,4543
SIM,3,NO,1885,1524
SIM,1,NO,1962,4594
SIM,3,NO,1884,1532
SIM,1,NO,1963,4494
STAT,1,YES,1909,13.876628941893815
SIM,1,NO,1964,4585
STAT,1,YES,1908,13.879314932741693
SIM,1,NO,1965,4553
SIM,3,NO,1889,1556
STAT,1,YES,1907,13.882001008333958
SIM,1,NO,1966,4625
SIM,3,NO,1888,1496
STAT,1,YES,1906,13.88468737522697
STAT,1,YES,1905,13.88737427451327
STAT,1,YES,1904,13.890061972631905
STAT,1,YES,1903,13.892750742050811
STAT,1,YES,1902,13.895440841518067
SIM,3,NO,1883,1527
STAT,1,YES,1901,13.89813249327418
SIM,3,NO,1882,1566
STAT,1,YES,1900,13.90082586339695
SIM,3,NO,1881,1592
SIM,3,NO,1880,1514
SIM,1,NO,1956,4517
SIM,1,NO,1957,4637
SIM,1,NO,1958,4535
SIM,1,NO,1959,4526
SIM,3,NO,1876,1505
SIM,1,NO,1992,4513
STAT,1,NO,2004,4214.631066290823
SIM,3,NO,1875,1511
SIM,1,NO,1993,4505
STAT,1,NO,2005,4213.8141768856885
SIM,3,NO,1874,1523
SIM,2,YES,1858,11
SIM,1,NO,1994,4520
STAT,1,NO,2006,4212.997451852773
SIM,3,NO,1873,1521
SIM,2,YES,1859,11
SIM,1,NO,1995,4500
STAT,1,NO,2007,4212.180892414032
SIM,1,NO,1996,4559
STAT,1,NO,2000,4217.900229568525
SIM,3,NO,1879,1494
SIM,1,NO,1997,4555
STAT,1,NO,2001,4217.082702444202
SIM,3,NO,1878,1560
SIM,1,NO,1998,4568
STAT,1,NO,2002,4216.265331233815
SIM,3,NO,1877,1533
SIM,1,NO,1999,4542
STAT,1,YES,1939,13.796169723374831
STAT,1,NO,2003,4215.448118414555
STAT,1,YES,1938,13.798843316491022
STAT,1,YES,1937,13.801517129831149
STAT,1,YES,1936,13.804191202797561
STAT,1,YES,1935,13.80686559082588
SIM,3,NO,1872,1530
SIM,2,YES,1856,12
STAT,1,YES,1934,13.809540364866859
SIM,3,NO,1871,1543
SIM,2,YES,1857,11
STAT,1,YES,1933,13.812215609316494
SIM,3,NO,1870,1511
SIM,1,NO,1990,4532
SIM,2,YES,1854,11
STAT,1,YES,1932,13.814891418856087
SIM,1,NO,1991,4509
SIM,2,YES,1855,11
STAT,1,YES,1931,13.817567892897706
STAT,1,YES,1941,13.79082313008554
STAT,1,YES,1940,13.79349632896126
SIM,1,NO,1989,4539
STAT,1,NO,2008,4211.36449932549
STAT,1,NO,2009,4210.548272869955
SIM,3,NO,1865,1535
SIM,1,NO,1981,4561
SIM,3,YES,2006,2
SIM,3,NO,1864,1589
SIM,1,NO,1982,4578
SIM,3,YES,2005,1
SIM,3,NO,1863,1519
SIM,1,NO,1983,4549
SIM,3,YES,2004,2
SIM,3,NO,1862,1547
SIM,1,NO,1984,4520
SIM,3,YES,2003,1
SIM,3,NO,1869,1535
SIM,1,NO,1985,4465
SIM,3,NO,1868,1515
SIM,1,NO,1986,4614
SIM,3,YES,2009,2
SIM,3,NO,1867,1594
SIM,1,NO,1987,4558
SIM,3,YES,2008,1
STAT,1,YES,1929,13.822923213699637
SIM,3,NO,1866,1559
SIM,1,NO,1988,4566
SIM,3,YES,2007,2
STAT,1,YES,1928,13.825602228743266
STAT,1,YES,1927,13.828282236512393
STAT,1,YES,1926,13.830963279898857
STAT,1,YES,1925,13.833645374719168
STAT,1,YES,1924,13.836328506949336
SIM,3,NO,1861,1521
STAT,1,YES,1923,13.839012632051867
SIM,3,NO,1860,1508
STAT,1,YES,1922,13.841697676795519
STAT,1,YES,1921,13.844383542157042
SIM,1,NO,1980,4464
STAT,1,YES,1920,13.847070107241283
STAT,1,YES,1930,13.820245127933847
SIM,1,NO,1978,4550
SIM,1,NO,1979,4505
SIM,3,NO,1859,1528
SIM,3,YES,2002,2
SIM,3,YES,2001,2
SIM,3,YES,2000,1
SIM,3,NO,1854,1561
STAT,5+,NA,1794,9377.775297826549
STAT,5+,NA,1795,9510.621047527442
STAT,5+,NA,1792,9091.485496671201
STAT,5+,NA,1793,9238.008043755388
SIM,3,NO,1858,1547
STAT,4,YES,1981,0.18700141859351702
STAT,5+,NA,1798,9863.775775576543
SIM,3,NO,1857,1572
STAT,4,YES,1982,0.18696516937845414
STAT,5+,NA,1799,9965.33878884094
SIM,3,NO,1856,1538
STAT,5+,NA,1796,9636.132327718262
SIM,3,NO,1855,1522
STAT,4,YES,1980,0.18703767405291383
STAT,5+,NA,1797,9753.913850467568
STAT,4,YES,1974,0.18725532249496518
STAT,4,YES,1975,0.18721903478648316
STAT,4,YES,1972,0.18732791386977793
STAT,4,YES,1973,0.18729161544377854
STAT,4,YES,1978,0.18711020237845843
STAT,4,YES,1979,0.187073935415677
STAT,4,YES,1976,0.1871827521921933
STAT,4,YES,1977,0.1871464746948235
STAT,5+,NA,1783,7532.387932665426
STAT,5+,NA,1784,7722.635659990939
STAT,5+,NA,1781,7142.153389375278
STAT,5+,NA,1782,7338.697578993383
STAT,4,YES,1970,0.18740052860951883
STAT,5+,NA,1787,8271.969419196255
STAT,4,YES,1971,0.18736421811435247
STAT,5+,NA,1788,8446.671201892612
STAT,5+,NA,1785,7909.580140948215
STAT,5+,NA,1786,8092.79460903196
STAT,5+,NA,1789,8615.961725640318
STAT,4,YES,1969,0.18743684586240483
STAT,4,YES,1963,0.18765492291504574
STAT,4,YES,1964,0.1876185534700423
STAT,4,YES,1961,0.18772769232545758
STAT,4,YES,1962,0.1876913025018227
STAT,4,YES,1967,0.1875095029156521
STAT,5+,NA,1790,8780.241973837467
STAT,4,YES,1968,0.18747317043423062
STAT,5+,NA,1791,8938.810403836193
STAT,4,YES,1965,0.187582193921139
STAT,4,YES,1966,0.1875458438950989
STAT,5+,NA,1772,5305.147340119303
STAT,5+,NA,1773,5514.569047399188
STAT,5+,NA,1770,4905.616498798067
STAT,5+,NA,1771,5101.662264121176
STAT,5+,NA,1776,6125.7199932594685
STAT,4,YES,1960,0.18776409231029742
STAT,5+,NA,1777,6332.788133485819
STAT,5+,NA,1774,5714.581521928682
STAT,5+,NA,1775,5919.520309127882
STAT,0,NA,2009,137517.7399620453
STAT,5+,NA,1778,6539.8780053802175
STAT,5+,NA,1779,6741.918233193107
STAT,0,NA,2005,137624.4022017174
STAT,0,NA,2006,137597.7289065748
STAT,0,NA,2007,137571.06077233457
STAT,0,NA,2008,137544.3977925905
STAT,2,YES,2000,10.021828233555402
STAT,0,NA,2012,137437.79733177525
STAT,0,NA,2013,137411.1600707376
STAT,4,YES,1958,0.1878369215579742
STAT,2,YES,2002,10.01794383623235
STAT,0,NA,2014,137384.52795155506
STAT,4,YES,1959,0.18780050220025402
STAT,0,NA,2015,137357.90097613516
STAT,2,YES,2001,10.019885862206365
STAT,2,YES,2004,10.014060838208817
STAT,2,YES,2003,10.016002159809924
STAT,0,NA,2010,137491.08727665464
STAT,2,YES,2006,10.010179283897182
STAT,0,NA,2011,137464.43973369783
STAT,2,YES,2005,10.012119877442295
STAT,4,YES,1952,0.18805559460126195
STAT,4,YES,1953,0.1880191349118896
STAT,4,YES,1950,0.18812852384532477
STAT,4,YES,1951,0.18809205782313718
STAT,4,YES,1956,0.18790978611541917
STAT,4,YES,1957,0.18787334977900824
STAT,5+,NA,1780,6943.128343577864
STAT,4,YES,1954,0.18798267963114595
STAT,4,YES,1955,0.18794622971002278
STAT,5+,NA,1761,3209.4100601248097
STAT,5+,NA,1762,3416.536838409333
STAT,5+,NA,1760,2988.3605215652346
STAT,5+,NA,1765,3977.4206968617223
STAT,5+,NA,1766,4159.384198865961
STAT,5+,NA,1763,3612.429526612368
STAT,5+,NA,1764,3796.0815625560635
STAT,2,YES,2008,10.006299223731691
STAT,5+,NA,1769,4716.865098978
STAT,2,YES,2007,10.008239063969977
STAT,5+,NA,1767,4346.473015886241
STAT,2,YES,2009,10.004359768634746
STAT,5+,NA,1768,4539.157108420386
STAT,0,NA,2016,137331.27914710785
STAT,0,NA,2017,4828.2688766590545
STAT,4,YES,1949,0.1881649921246527
STAT,2,YES,2011,10.000482031201964
STAT,2,YES,2010,10.002420703273524
STAT,4,YES,1947,0.18823793441100925
STAT,2,YES,2013,9.996605875306182
STAT,4,YES,1948,0.1882014623378822
STAT,2,YES,2012,9.998543754816152
STAT,2,YES,2015,9.992731305819701
STAT,2,YES,2014,9.994668392675097
STAT,2,YES,2016,9.990794612661707
STAT,4,YES,1941,0.1884568376834932
STAT,4,YES,1942,0.1884203401828564
STAT,4,YES,1940,0.18849334392589273
STAT,4,YES,1945,0.1883108852496519
STAT,4,YES,1946,0.18827440854551383
STAT,4,YES,1943,0.18838384988257295
STAT,4,YES,1944,0.18834736533618315
STAT,5+,NA,1755,1691.3068068816003
STAT,5+,NA,1758,2487.8890746877687
STAT,5+,NA,1759,2748.6912916055853
STAT,5+,NA,1756,1961.5302561543979
STAT,5+,NA,1757,2228.2786795339257
SIM,0,NA,1906,362674
SIM,0,NA,1907,362597
SIM,0,NA,1908,362537
SIM,0,NA,1909,362449
SIM,0,NA,1900,363089
SIM,0,NA,1901,363020
SIM,0,NA,1902,362938
SIM,0,NA,1903,362878
SIM,0,NA,1904,362823
SIM,0,NA,1905,362722
STAT,4,YES,1996,0.1864584749073641
STAT,4,YES,1997,0.1864223406774119
STAT,4,YES,1994,0.18653076518204598
STAT,4,YES,1995,0.1864946163352856
STAT,4,YES,1998,0.18638621342995945
STAT,4,YES,1999,0.18635009296572497
STAT,4,YES,1992,0.18660308597003356
STAT,4,YES,1993,0.18656692166188868
STAT,4,YES,1990,0.186675438685539
STAT,4,YES,1991,0.1866392582705877
STAT,4,YES,1985,0.18685646274481593
STAT,4,YES,1986,0.18682024196372582
STAT,4,YES,1983,0.18692892676590858
STAT,4,YES,1984,0.18689269111055393
STAT,4,YES,1989,0.18671162728499371
STAT,4,YES,1987,0.18678402901282914
STAT,4,YES,1988,0.18674782407913418
STAT,3,NO,1778,1631.135266377976
STAT,3,NO,1777,1628.270032695315
STAT,3,NO,1776,1624.979859061465
STAT,3,NO,1775,1621.197071684023
STAT,3,NO,1774,1616.6446503131572
STAT,3,NO,1773,1610.997460480872
STAT,3,NO,1772,1598.3298608856837
STAT,3,NO,1771,1582.8725142898813
STAT,3,NO,1770,1564.4570696813516
SIM,1,YES,1911,15
SIM,1,YES,1910,15
SIM,1,YES,1913,15
SIM,1,YES,1912,15
SIM,1,YES,1915,15
SIM,1,YES,1914,15
SIM,1,YES,1917,15
SIM,1,YES,1916,15
SIM,1,YES,1919,15
SIM,1,YES,1918,15
STAT,3,NO,1779,1632.0695059554816
STAT,3,NO,1767,1459.955254629882
STAT,3,NO,1766,1396.4346490664204
STAT,3,NO,1765,1318.2644298028933
STAT,3,NO,1764,1222.7414435920957
STAT,3,NO,1763,1108.0273478445993
STAT,3,NO,1762,970.8266129772353
STAT,3,NO,1761,815.5921247419253
STAT,3,NO,1760,647.44516349915
STAT,4,NA,1755,3022.254133187748
SIM,1,YES,1900,15
SIM,1,YES,1902,15
SIM,1,YES,1901,15
SIM,1,YES,1904,15
SIM,1,YES,1903,15
SIM,1,YES,1906,15
SIM,1,YES,1905,15
SIM,1,YES,1908,15
SIM,1,YES,1907,15
STAT,3,NO,1769,1541.7714526606699
SIM,1,YES,1909,14
STAT,3,NO,1768,1510.1197603765468
STAT,3,YES,2008,1.7078947315687627
STAT,3,NO,1756,114.00560746689416
STAT,3,YES,2009,1.707563698163886
STAT,3,NO,1755,134.60413122261315
STAT,3,YES,2006,1.7085569866506785
STAT,3,YES,2007,1.7082258281212603
SIM,1,YES,1931,15
SIM,1,YES,1930,15
SIM,1,YES,1933,15
SIM,1,YES,1932,14
SIM,1,YES,1935,15
SIM,1,YES,1934,15
SIM,1,YES,1937,14
STAT,3,YES,2011,1.70690182527668
SIM,1,YES,1936,15
STAT,3,YES,2012,1.7065709877672623
SIM,1,YES,1939,15
SIM,1,YES,1938,16
STAT,3,YES,2010,1.7072327290482676
STAT,3,YES,2015,1.7055788792122544
STAT,3,YES,2016,1.7052483120960282
STAT,3,NO,1759,475.68655718133755
STAT,3,YES,2013,1.7062402172626037
STAT,3,NO,1758,317.29040627517855
STAT,3,YES,2014,1.7059095143029617
STAT,3,NO,1757,187.80820229993688
SIM,1,YES,1920,14
SIM,1,YES,1922,15
SIM,1,YES,1921,15
SIM,1,YES,1924,14
SIM,1,YES,1923,15
SIM,1,YES,1926,15
STAT,3,YES,2000,1.7105451861894965
SIM,1,YES,1925,15
STAT,3,YES,2001,1.7102136739918457
SIM,1,YES,1928,15
SIM,1,YES,1927,15
STAT,3,YES,2004,1.7092194851913802
SIM,1,YES,1929,15
STAT,3,YES,2005,1.708888206019914
STAT,3,YES,2002,1.7098822196802608
STAT,3,YES,2003,1.7095508232928824
SIM,1,YES,1951,14
STAT,4,YES,1938,0.1885663889542941
SIM,1,YES,1950,15
STAT,4,YES,1939,0.18852986050210216
SIM,1,YES,1953,15
STAT,4,YES,1936,0.18863948681697323
SIM,1,YES,1952,15
STAT,4,YES,1937,0.18860293068157308
SIM,1,YES,1955,15
SIM,1,YES,1954,14
SIM,1,YES,1957,15
SIM,1,YES,1956,15
SIM,1,YES,1959,15
STAT,4,YES,1930,0.18885914122544162
SIM,1,YES,1958,14
STAT,4,YES,1931,0.1888224967952203
STAT,4,YES,1934,0.188712645004964
STAT,4,YES,1935,0.1886760581223899
STAT,4,YES,1932,0.18878586503698447
STAT,4,YES,1933,0.18874924745688418
SIM,1,YES,1940,15
STAT,4,YES,1927,0.18896913014503072
STAT,4,YES,1928,0.18893246020663282
SIM,1,YES,1942,15
STAT,4,YES,1925,0.18904247828552614
SIM,1,YES,1941,14
STAT,4,YES,1926,0.1890058037101122
SIM,1,YES,1944,15
SIM,1,YES,1943,15
SIM,1,YES,1946,15
STAT,4,YES,1929,0.18889579643445722
SIM,1,YES,1945,14
SIM,1,YES,1948,15
SIM,1,YES,1947,15
STAT,4,YES,1920,0.18922579335575132
SIM,1,YES,1949,15
STAT,4,YES,1923,0.1891158208550087
STAT,4,YES,1924,0.18907915139994344
STAT,4,YES,1921,0.18918914258456732
STAT,4,YES,1922,0.18915248495180856
SIM,1,YES,1971,15
SIM,1,YES,1970,15
SIM,1,YES,1973,15
STAT,4,YES,1916,0.18937234394577626
SIM,1,YES,1972,14
STAT,4,YES,1917,0.1893357106749395
SIM,1,YES,1975,15
STAT,4,YES,1914,0.18944562073679175
SIM,1,YES,1974,15
STAT,4,YES,1915,0.18940897934668371
SIM,1,YES,1977,15
SIM,1,YES,1976,14
SIM,1,YES,1979,14
STAT,4,YES,1918,0.18929907606132454
SIM,1,YES,1978,15
STAT,4,YES,1919,0.18926243753452424
STAT,4,YES,1912,0.1895189374928585
STAT,4,YES,1913,0.1894822720976807
STAT,4,YES,1910,0.18959232674769072
STAT,4,YES,1911,0.18955562099453455
SIM,1,YES,1960,15
SIM,1,YES,1962,15
STAT,4,YES,1905,0.1897762762188287
SIM,1,YES,1961,14
STAT,4,YES,1906,0.18973942760135232
SIM,1,YES,1964,15
STAT,4,YES,1903,0.18985005247451486
SIM,1,YES,1963,15
STAT,4,YES,1904,0.18981315223896694
SIM,1,YES,1966,16
STAT,4,YES,1909,0.18962905834635763
SIM,1,YES,1965,13
SIM,1,YES,1968,16
STAT,4,YES,1907,0.1897026079980034
SIM,1,YES,1967,14
STAT,4,YES,1908,0.18966581829529663
SIM,1,YES,1969,14
STAT,4,YES,1901,0.18992390620120972
STAT,4,YES,1902,0.18988697248503203
STAT,4,YES,1900,0.1899608463860776
SIM,2,YES,1915,11
SIM,2,YES,1916,10
SIM,2,YES,1913,11
SIM,2,YES,1914,11
SIM,2,YES,1919,11
SIM,2,YES,1917,13
SIM,2,YES,1918,11
SIM,2,YES,1911,11
SIM,1,YES,1991,14
SIM,1,YES,1990,15
SIM,2,YES,1912,12
SIM,1,YES,1993,15
SIM,1,YES,1992,15
SIM,2,YES,1910,11
SIM,1,YES,1995,15
SIM,1,YES,1994,14
SIM,1,YES,1997,14
SIM,1,YES,1996,15
SIM,1,YES,1999,15
SIM,1,YES,1998,15
SIM,2,YES,1904,11
SIM,2,YES,1905,11
SIM,2,YES,1902,12
SIM,2,YES,1903,11
SIM,2,YES,1908,11
SIM,2,YES,1909,11
SIM,2,YES,1906,12
SIM,2,YES,1907,11
SIM,1,YES,1980,15
SIM,2,YES,1900,11
SIM,2,YES,1901,11
SIM,1,YES,1982,14
SIM,1,YES,1981,15
SIM,1,YES,1984,15
SIM,1,YES,1983,15
SIM,1,YES,1986,15
SIM,1,YES,1985,14
SIM,1,YES,1988,15
SIM,1,YES,1987,15
SIM,1,YES,1989,14
SIM,2,YES,1937,11
SIM,2,YES,1938,11
SIM,2,YES,1935,11
SIM,2,YES,1936,12
SIM,2,YES,1939,11
SIM,0,NA,1997,356272
SIM,0,NA,1998,356210
SIM,2,YES,1930,10
SIM,0,NA,1999,356157
SIM,2,YES,1933,11
SIM,2,YES,1934,11
SIM,2,YES,1931,12
SIM,2,YES,1932,11
SIM,0,NA,1990,356775
SIM,0,NA,1991,356701
SIM,0,NA,1992,356632
SIM,0,NA,1993,356571
SIM,0,NA,1994,356487
SIM,0,NA,1995,356428
SIM,0,NA,1996,356358
SIM,2,YES,1926,12
SIM,2,YES,1927,11
SIM,2,YES,1924,11
SIM,2,YES,1925,11
SIM,2,YES,1928,11
SIM,2,YES,1929,11
SIM,2,YES,1922,10
SIM,2,YES,1923,13
SIM,2,YES,1920,11
SIM,2,YES,1921,11
STAT,4,NA,1780,9455.73261816157
STAT,4,NA,1784,11120.357341610128
STAT,4,NA,1783,10709.455244273484
STAT,4,NA,1782,10294.739407245663
STAT,4,NA,1781,9876.713078994413
STAT,4,NA,1788,12718.180240621601
STAT,4,NA,1787,12326.344416497157
STAT,4,NA,1786,11929.221475593595
STAT,4,NA,1785,11527.117573464377
STAT,4,NA,1779,9032.2014984263
STAT,4,NA,1778,8607.076416142094
STAT,5+,YES,2016,0.021609656947835787
STAT,5+,YES,2015,0.021613846205872807
STAT,5+,YES,2014,0.021618036311092406
STAT,5+,YES,2013,0.021622227252643445
STAT,5+,YES,2012,0.021626419017517853
STAT,5+,YES,2011,0.0216306115911164
STAT,5+,YES,2010,0.021634804957937643
STAT,4,NA,1791,13856.621832968454
STAT,4,NA,1790,13483.799503524811
STAT,4,NA,1795,15271.540358141609
STAT,4,NA,1794,14930.118090485492
STAT,4,NA,1793,14580.262846725203
STAT,4,NA,1792,14222.22931430344
STAT,4,NA,1799,16542.652911805602
STAT,4,NA,1798,16239.907704452042
STAT,4,NA,1797,15926.886222616029
STAT,4,NA,1796,15604.019694031489
STAT,4,NA,1789,13104.068239237207
STAT,3,NO,1799,1629.454646155032
STAT,3,NO,1798,1629.7509995527703
STAT,3,NO,1797,1630.0560667979064
STAT,3,NO,1796,1630.3710419683862
STAT,3,NO,1795,1630.6912306926686
STAT,3,NO,1794,1631.079008088323
STAT,3,NO,1793,1631.4142380240794
STAT,3,NO,1792,1631.7694256735342
STAT,4,NA,1762,3202.0730665581514
STAT,4,NA,1761,3130.6152674293335
STAT,3,NO,1791,1632.0757007866318
STAT,4,NA,1760,3095.0288334362845
STAT,3,NO,1790,1632.402713577984
STAT,4,NA,1766,3939.2107668092526
STAT,4,NA,1765,3687.6353229015526
STAT,4,NA,1764,3479.385259626199
STAT,4,NA,1763,3317.7076828706563
STAT,4,NA,1759,3084.103752788719
STAT,4,NA,1758,3082.694879594294
STAT,4,NA,1757,3086.3756604920004
STAT,4,NA,1756,3068.119440005186
STAT,3,NO,1789,1632.944942355231
STAT,3,NO,1788,1633.2579562278145
STAT,3,NO,1787,1633.4676987612513
STAT,3,NO,1786,1633.5481794145737
STAT,3,NO,1785,1633.6873036836816
STAT,3,NO,1784,1633.9818069259052
STAT,3,NO,1783,1633.975381703568
STAT,3,NO,1782,1633.7994021028057
STAT,3,NO,1781,1633.3846197653995
STAT,4,NA,1773,6488.164038615076
STAT,3,NO,1780,1632.841827389397
STAT,4,NA,1772,6075.64251054566
STAT,4,NA,1771,5673.950653760341
STAT,4,NA,1770,5284.434415849369
STAT,4,NA,1777,8181.371278530609
STAT,4,NA,1776,7755.949830071685
STAT,4,NA,1775,7331.093075689596
STAT,4,NA,1774,6907.5637547329825
STAT,4,NA,1769,4909.842221705601
STAT,4,NA,1768,4557.309794630694
STAT,5+,YES,2009,0.021638999102379042
STAT,4,NA,1767,4230.148262872208
STAT,5+,YES,2008,0.021643194009612027
STAT,5+,YES,2007,0.0216473896664874
STAT,5+,YES,2006,0.02165158606240643
STAT,5+,YES,2005,0.021655783190089782
STAT,5+,YES,2004,0.02165998104622845
STAT,5+,YES,2003,0.02166417963197343
STAT,5+,YES,2002,0.021668378953236783
STAT,5+,YES,2001,0.02167257902074607
STAT,5+,YES,2000,0.021676779849800768
SIM,0,NA,1939,360368
SIM,0,NA,1931,360897
SIM,2,YES,1995,11
SIM,0,NA,1932,360834
SIM,2,YES,1996,11
SIM,0,NA,1933,360795
SIM,2,YES,1993,11
SIM,0,NA,1934,360715
SIM,2,YES,1994,11
SIM,0,NA,1935,360629
SIM,2,YES,1999,11
SIM,0,NA,1936,360562
SIM,0,NA,1937,360500
SIM,2,YES,1997,11
SIM,0,NA,1938,360410
SIM,2,YES,1998,11
SIM,2,YES,1991,11
SIM,2,YES,1992,11
SIM,0,NA,1930,360992
SIM,2,YES,1990,12
SIM,0,NA,1942,360160
SIM,2,YES,1984,11
SIM,0,NA,1943,360066
SIM,2,YES,1985,11
SIM,0,NA,1944,360005
SIM,2,YES,1982,11
SIM,0,NA,1945,359912
SIM,2,YES,1983,11
SIM,0,NA,1946,359863
SIM,2,YES,1988,11
SIM,0,NA,1947,359795
SIM,2,YES,1989,11
SIM,0,NA,1948,359713
SIM,2,YES,1986,11
SIM,0,NA,1949,359655
SIM,2,YES,1987,11
SIM,2,YES,1980,11
SIM,2,YES,1981,11
SIM,0,NA,1940,360277
SIM,0,NA,1941,360202
SIM,0,NA,1917,361912
SIM,0,NA,1918,361829
SIM,0,NA,1919,361747
SIM,0,NA,1910,362370
SIM,0,NA,1911,362314
SIM,0,NA,1912,362248
SIM,0,NA,1913,362186
SIM,0,NA,1914,362100
SIM,0,NA,1915,362018
SIM,0,NA,1916,361969
SIM,0,NA,1928,361101
SIM,0,NA,1929,361057
SIM,0,NA,1920,361692
SIM,0,NA,1921,361608
SIM,0,NA,1922,361557
SIM,0,NA,1923,361468
SIM,0,NA,1924,361406
SIM,0,NA,1925,361354
SIM,0,NA,1926,361281
SIM,0,NA,1927,361185
SIM,2,YES,1959,12
SIM,2,YES,1957,10
SIM,2,YES,1958,12
SIM,0,NA,1975,357843
SIM,2,YES,1951,11
SIM,0,NA,1976,357742
SIM,2,YES,1952,11
SIM,0,NA,1977,357679
SIM,0,NA,1978,357623
SIM,2,YES,1950,11
SIM,0,NA,1979,357528
SIM,2,YES,1955,11
SIM,2,YES,1956,11
SIM,2,YES,1953,12
SIM,2,YES,1954,11
SIM,0,NA,1970,358180
SIM,0,NA,1971,358117
SIM,0,NA,1972,358030
SIM,0,NA,1973,357963
SIM,0,NA,1974,357881
SIM,2,YES,1948,11
SIM,2,YES,1949,11
SIM,2,YES,1946,11
SIM,2,YES,1947,12
SIM,0,NA,1986,357045
SIM,2,YES,1940,11
SIM,0,NA,1987,356976
SIM,2,YES,1941,11
SIM,0,NA,1988,356912
SIM,0,NA,1989,356832
SIM,2,YES,1944,11
SIM,2,YES,1945,11
SIM,2,YES,1942,11
SIM,2,YES,1943,12
STAT,0,NA,2001,137731.1471443773
STAT,0,NA,2002,137704.45312826743
SIM,0,NA,1980,357466
STAT,0,NA,2003,137677.76430451855
SIM,0,NA,1981,357396
STAT,0,NA,2004,137651.08066506218
SIM,0,NA,1982,357333
SIM,0,NA,1983,357256
SIM,0,NA,1984,357203
SIM,0,NA,1985,357123
STAT,0,NA,2000,137757.84636040629
SIM,2,YES,1979,12
SIM,0,NA,1953,359362
SIM,2,YES,1973,11
SIM,0,NA,1954,359306
SIM,2,YES,1974,11
SIM,0,NA,1955,359240
SIM,2,YES,1971,11
SIM,0,NA,1956,359150
SIM,2,YES,1972,11
SIM,0,NA,1957,359069
SIM,2,YES,1977,11
SIM,0,NA,1958,358998
SIM,2,YES,1978,11
SIM,0,NA,1959,358948
SIM,2,YES,1975,11
SIM,2,YES,1976,11
SIM,0,NA,1950,359586
SIM,2,YES,1970,11
SIM,0,NA,1951,359516
SIM,0,NA,1952,359449
SIM,2,YES,1968,11
SIM,2,YES,1969,12
SIM,0,NA,1964,358622
SIM,2,YES,1962,11
SIM,0,NA,1965,358530
SIM,2,YES,1963,11
SIM,0,NA,1966,358448
SIM,2,YES,1960,11
SIM,0,NA,1967,358386
SIM,2,YES,1961,11
SIM,0,NA,1968,358319
SIM,2,YES,1966,11
SIM,0,NA,1969,358245
SIM,2,YES,1967,11
SIM,2,YES,1964,10
SIM,2,YES,1965,12
SIM,0,NA,1960,358871
SIM,0,NA,1961,358819
SIM,0,NA,1962,358727
SIM,0,NA,1963,358666
STAT,1,NA,1919,72814.53613388489
STAT,1,NA,1917,72842.77298605895
STAT,1,NA,1918,72828.65376459232
STAT,1,NA,1915,72871.01562698194
STAT,1,NA,1916,72856.89363933499
STAT,1,NA,1913,72899.26355859853
STAT,1,NA,1914,72885.13891473251
STAT,1,NA,1911,72927.51751239224
STAT,1,NA,1912,72913.38968669315
SIM,5+,NO,2010,67
STAT,1,NA,1910,72941.6473147878
SIM,5+,NO,2002,65
SIM,5+,NO,2003,72
SIM,5+,NO,2000,67
SIM,5+,NO,2001,59
SIM,5+,NO,2006,73
SIM,5+,NO,2007,66
SIM,5+,NO,2004,67
SIM,5+,NO,2005,80
SIM,5+,NO,2008,52
SIM,5+,NO,2009,75
STAT,1,NA,1908,72969.91427221087
STAT,1,NA,1909,72955.77943397769
STAT,1,NA,1906,72998.19383356997
STAT,1,NA,1907,72984.0522586577
STAT,1,NA,1904,73026.48936577873
STAT,1,NA,1905,73012.33940957708
STAT,1,NA,1902,73054.8036155437
STAT,1,NA,1903,73040.64401916761
STAT,1,NA,1900,73083.13804591559
STAT,1,NA,1901,73068.96828717798
SIM,5+,NO,2013,68
SIM,5+,NO,2014,52
SIM,5+,NO,2011,62
SIM,5+,NO,2012,56
STAT,2,NA,1980,63465.36890845051
STAT,2,NA,1981,63453.068195388856
STAT,2,NA,1982,63440.76989309089
STAT,2,NA,1983,63428.474012802464
STAT,2,NA,1984,63416.1805629651
STAT,2,NA,1974,63539.22297116636
STAT,2,NA,1975,63526.90811300368
STAT,2,NA,1976,63514.59557388898
STAT,2,NA,1977,63502.285367831006
STAT,2,NA,1978,63489.97751057288
STAT,2,NA,1979,63477.67201864477
STAT,2,NA,1990,63342.47099224345
STAT,2,NA,1991,63330.194542864796
STAT,2,NA,1992,63317.92049239005
STAT,2,NA,1993,63305.64882995955
STAT,2,NA,1994,63293.37954496669
STAT,2,NA,1995,63281.112627560935
STAT,2,NA,1985,63403.88954896071
STAT,2,NA,1986,63391.60097301298
STAT,2,NA,1987,63379.31483426893
STAT,2,NA,1988,63367.03112901782
STAT,2,NA,1989,63354.749851073786
STAT,2,NA,1996,63268.84806908315
STAT,2,NA,1997,63256.5858624122
STAT,2,NA,1998,63244.326002197864
STAT,2,NA,1999,63232.06848498971
STAT,2,NA,1940,63959.3465755656
STAT,2,NA,1930,64083.43325236141
STAT,2,NA,1931,64071.0124758962
STAT,2,NA,1932,64058.59451069896
STAT,2,NA,1933,64046.17933577809
STAT,2,NA,1934,64033.76691244691
STAT,5+,NO,1930,302.2808002237015
STAT,5+,NO,1931,302.222139337918
STAT,2,NA,1935,64021.35718693989
STAT,5+,NO,1932,302.16349358288613
STAT,2,NA,1936,64008.95009437769
STAT,2,NA,1937,63996.5455618459
STAT,5+,NO,1933,302.10486649278556
STAT,2,NA,1938,63984.14351356643
STAT,5+,NO,1934,302.0462608108618
STAT,2,NA,1939,63971.743874724
STAT,5+,NO,1935,301.9876785144597
STAT,5+,NO,1936,301.92912089654357
STAT,5+,NO,1937,301.8705885185529
STAT,5+,NO,1938,301.8120812571717
STAT,5+,NO,1939,301.7535981841488
STAT,0,NA,1907,140263.65057239437
STAT,0,NA,1908,140236.46171873156
STAT,0,NA,1909,140209.2779768253
STAT,0,NA,1903,140372.45269490717
STAT,0,NA,1904,140345.24557328035
STAT,0,NA,1905,140318.04271892208
STAT,0,NA,1906,140290.844314746
STAT,0,NA,1900,140454.09861867316
STAT,0,NA,1901,140426.87926236176
STAT,0,NA,1902,140399.6639509795
STAT,2,NA,1950,63835.494809409916
STAT,2,NA,1951,63823.12187263199
STAT,2,NA,1941,63946.951554932144
STAT,2,NA,1942,63934.55876217132
STAT,2,NA,1943,63922.168158947556
STAT,2,NA,1944,63909.77972013531
STAT,2,NA,1945,63897.3934348697
STAT,5+,NO,1920,302.86742244483725
STAT,2,NA,1946,63885.00930601202
STAT,5+,NO,1921,302.8087974340642
STAT,2,NA,1947,63872.6273491393
STAT,2,NA,1948,63860.24759014678
STAT,5+,NO,1922,302.75016248785494
STAT,5+,NO,1923,302.6915161427653
STAT,2,NA,1949,63847.870063339695
STAT,5+,NO,1924,302.63285833870077
STAT,5+,NO,1925,302.57419025986593
STAT,5+,NO,1926,302.5155142338277
STAT,5+,NO,1927,302.45683337069397
STAT,5+,NO,1928,302.3981513962312
STAT,5+,NO,1929,302.3394723043945
STAT,2,NA,1960,63711.87591991556
STAT,2,NA,1961,63699.52788110009
STAT,2,NA,1962,63687.18235282999
STAT,2,NA,1952,63810.75129869047
STAT,2,NA,1953,63798.3831315698
STAT,5+,NO,1950,301.1112774889972
STAT,2,NA,1954,63786.01741173207
STAT,2,NA,1955,63773.65417421159
STAT,5+,NO,1951,301.05292449829903
STAT,5+,NO,1952,300.99457457113823
STAT,2,NA,1956,63761.293447009135
STAT,2,NA,1957,63748.935250401
STAT,5+,NO,1953,300.936228371889
STAT,5+,NO,1954,300.87788693588845
STAT,2,NA,1958,63736.57959611919
STAT,2,NA,1959,63724.22648754063
STAT,5+,NO,1955,300.8195515607
STAT,5+,NO,1956,300.76122371165565
STAT,5+,NO,1957,300.70290493537817
STAT,5+,NO,1958,300.6445967884204
STAT,5+,NO,1959,300.586300765643
STAT,2,NA,1970,63588.50542460835
STAT,2,NA,1971,63576.181364872675
STAT,2,NA,1972,63563.859602772325
STAT,2,NA,1973,63551.54013702635
STAT,2,NA,1963,63674.839312029886
STAT,2,NA,1964,63662.498732375774
STAT,2,NA,1965,63650.1605857447
STAT,2,NA,1966,63637.82484375669
STAT,5+,NO,1940,301.69513772129466
STAT,2,NA,1967,63625.491479284945
STAT,5+,NO,1941,301.6366978388258
STAT,2,NA,1968,63613.160467794354
STAT,5+,NO,1942,301.57827619399325
STAT,2,NA,1969,63600.831788395924
STAT,5+,NO,1943,301.5198703036628
STAT,5+,NO,1944,301.4614776072272
STAT,5+,NO,1945,301.4030955919974
STAT,5+,NO,1946,301.3447219402196
STAT,5+,NO,1947,301.2863546476563
STAT,5+,NO,1948,301.22799213762426
STAT,5+,NO,1949,301.169633302201
STAT,0,NA,1936,139477.41271606955
STAT,0,NA,1937,139450.37864925482
STAT,0,NA,1938,139423.34989079981
STAT,0,NA,1939,139396.32650943976
SIM,2,YES,2006,11
STAT,0,NA,1932,139585.60046389967
SIM,2,YES,2007,11
STAT,0,NA,1933,139558.54597062262
SIM,2,YES,2004,11
STAT,0,NA,1934,139531.49646020576
SIM,2,YES,2005,11
STAT,0,NA,1935,139504.4520139047
SIM,2,YES,2008,11
STAT,0,NA,1930,139639.72412120624
SIM,2,YES,2009,11
STAT,0,NA,1931,139612.65986700068
SIM,2,YES,2002,11
SIM,2,YES,2003,11
SIM,2,YES,2000,11
SIM,2,YES,2001,11
STAT,0,NA,1947,139180.33671906788
STAT,0,NA,1948,139153.36252408856
STAT,0,NA,1949,139126.39365067583
STAT,0,NA,1943,139288.28767127823
STAT,0,NA,1944,139261.2917284784
STAT,0,NA,1945,139234.30127737497
STAT,0,NA,1946,139207.31628762046
STAT,0,NA,1940,139369.3085620288
STAT,0,NA,1941,139342.29609125367
STAT,0,NA,1942,139315.28912403746
STAT,2,NA,1900,64457.15915747208
STAT,2,NA,1901,64444.662340061426
STAT,2,NA,1902,64432.16890210381
STAT,2,NA,1903,64419.6789419101
STAT,2,NA,1904,64407.1924950457
STAT,2,NA,1905,64394.709529476335
STAT,2,NA,1906,64382.229974205315
STAT,2,NA,1907,64369.753712957805
STAT,2,NA,1908,64357.280596716344
STAT,2,NA,1909,64344.81043618348
STAT,5+,NO,1909,303.51298695887044
STAT,0,NA,1918,139964.8812755275
STAT,0,NA,1919,139937.7556758991
STAT,0,NA,1914,140073.44281407978
STAT,0,NA,1915,140046.29344160418
STAT,0,NA,1916,140019.15008149887
STAT,0,NA,1917,139992.01271300038
STAT,0,NA,1910,140182.09956478083
STAT,0,NA,1911,140154.92668224027
STAT,0,NA,1912,140127.7595093051
STAT,0,NA,1913,140100.59818841878
SIM,1,YES,1854,15
STAT,2,NA,1910,64332.34302907752
STAT,2,NA,1911,64319.87816522076
SIM,1,YES,1856,15
STAT,2,NA,1912,64307.41565600151
SIM,1,YES,1855,15
STAT,2,NA,1913,64294.955326458854
SIM,1,YES,1858,14
STAT,2,NA,1914,64282.4970185193
STAT,5+,NO,1910,303.45413850107695
SIM,1,YES,1857,15
STAT,5+,NO,1911,303.39533800648263
STAT,2,NA,1915,64270.040611047734
STAT,2,NA,1916,64257.58600870841
STAT,5+,NO,1912,303.33658176116444
SIM,1,YES,1859,17
STAT,5+,NO,1913,303.2778646671609
STAT,2,NA,1917,64245.13316737879
STAT,5+,NO,1914,303.21918120515016
STAT,2,NA,1918,64232.68207234495
STAT,5+,NO,1915,303.16052522952805
STAT,2,NA,1919,64220.23274579501
STAT,5+,NO,1916,303.1018900891634
STAT,5+,NO,1917,303.0432686665184
STAT,5+,NO,1918,302.9846539369722
STAT,5+,NO,1919,302.9260400927838
STAT,0,NA,1929,139666.79318571094
STAT,0,NA,1925,139775.11749344287
STAT,0,NA,1926,139748.02915272207
STAT,0,NA,1927,139720.94568661606
STAT,0,NA,1928,139693.86704008622
STAT,0,NA,1921,139883.5215093378
STAT,0,NA,1922,139856.41267044435
STAT,0,NA,1923,139829.30914110853
STAT,0,NA,1924,139802.21078865803
STAT,0,NA,1920,139910.63579844465
SIM,2,YES,2010,11
STAT,2,NA,1920,64207.78524505567
STAT,2,NA,1921,64195.33964810796
STAT,2,NA,1922,64182.89605871319
SIM,2,YES,2013,11
STAT,2,NA,1923,64170.45458912418
SIM,2,YES,2014,11
STAT,2,NA,1924,64158.01536234631
SIM,2,YES,2011,11
STAT,2,NA,1925,64145.57850260301
SIM,2,YES,2012,11
STAT,5+,NO,1900,304.04433688376685
STAT,2,NA,1926,64133.144125427694
STAT,2,NA,1927,64120.71233475021
STAT,5+,NO,1901,303.98523253865784
STAT,5+,NO,1902,303.92611948780984
STAT,2,NA,1928,64108.28321686653
STAT,2,NA,1929,64095.85684043457
STAT,5+,NO,1903,303.8670110744792
STAT,5+,NO,1904,303.8079192460764
STAT,5+,NO,1905,303.74885359465037
STAT,5+,NO,1906,303.6898222309779
STAT,5+,NO,1907,303.6308308907737
STAT,5+,NO,1908,303.5718847060219
STAT,0,NA,1859,141574.65065984632
SIM,0,NA,1898,363241
STAT,0,NA,1855,141684.54890888862
SIM,0,NA,1899,363160
STAT,0,NA,1856,141657.060772047
STAT,0,NA,1857,141629.58130279806
STAT,0,NA,1858,141602.11113575887
SIM,1,YES,1870,15
STAT,0,NA,1851,141794.5546551139
STAT,0,NA,1852,141767.04809628872
STAT,5+,NO,1890,304.633389111828
SIM,1,YES,1872,15
STAT,0,NA,1853,141739.5439053663
STAT,5+,NO,1891,304.57465742668
SIM,1,YES,1871,15
STAT,0,NA,1854,141712.0439943301
STAT,5+,NO,1892,304.51590235368525
SIM,0,NA,1890,363769
SIM,1,YES,1874,15
STAT,5+,NO,1893,304.4571146167181
SIM,0,NA,1891,363715
SIM,1,YES,1873,14
STAT,5+,NO,1894,304.3982863949651
SIM,0,NA,1892,363658
SIM,1,YES,1876,15
STAT,0,NA,1860,141547.20059622175
STAT,5+,NO,1895,304.3394099978853
SIM,0,NA,1893,363563
SIM,1,YES,1875,15
STAT,0,NA,1861,141519.7615670766
STAT,5+,NO,1896,304.28048263894783
SIM,0,NA,1894,363516
SIM,1,YES,1878,15
STAT,5+,NO,1897,304.22150372199803
SIM,0,NA,1895,363423
SIM,1,YES,1877,15
STAT,5+,NO,1898,304.16248104725094
SIM,0,NA,1896,363378
STAT,5+,NO,1899,304.10342288436294
SIM,0,NA,1897,363302
SIM,1,YES,1879,14
STAT,0,NA,1866,141382.7174568979
STAT,0,NA,1867,141355.33321528812
STAT,0,NA,1868,141327.954872846
STAT,0,NA,1869,141300.58144569697
STAT,0,NA,1862,141492.33363372166
STAT,0,NA,1863,141464.91607713213
SIM,1,YES,1861,16
STAT,5+,NO,1880,305.22310058859165
STAT,0,NA,1864,141437.50807460686
SIM,1,YES,1860,13
STAT,0,NA,1865,141410.10880315182
STAT,5+,NO,1881,305.1637160527244
SIM,1,YES,1863,15
STAT,5+,NO,1882,305.104452289306
SIM,1,YES,1862,15
STAT,0,NA,1870,141273.21190731772
STAT,5+,NO,1883,305.0453000108708
SIM,1,YES,1865,15
STAT,0,NA,1871,141245.84552995942
STAT,5+,NO,1884,304.98625011507073
SIM,1,YES,1864,15
STAT,5+,NO,1885,304.9272915881533
STAT,0,NA,1872,141218.48178298146
SIM,1,YES,1867,15
STAT,5+,NO,1886,304.86841457568846
SIM,1,YES,1866,15
STAT,5+,NO,1887,304.80960566749764
SIM,1,YES,1869,15
STAT,5+,NO,1888,304.75084493494916
SIM,1,YES,1868,16
STAT,5+,NO,1889,304.69211290367235
STAT,0,NA,1837,142181.70996720422
STAT,0,NA,1838,142153.36617623834
STAT,0,NA,1839,142125.33727355464
SIM,0,NA,1876,364768
STAT,0,NA,1833,142303.15830895602
SIM,0,NA,1877,364706
STAT,0,NA,1834,142270.8572236348
SIM,0,NA,1878,364649
SIM,1,YES,1890,15
STAT,0,NA,1835,142240.14160263934
SIM,0,NA,1879,364571
STAT,0,NA,1836,142210.5522408099
SIM,1,YES,1892,15
SIM,1,YES,1891,15
STAT,0,NA,1830,142417.50554052644
SIM,1,YES,1894,15
STAT,0,NA,1831,142375.47805598372
SIM,1,YES,1893,14
STAT,0,NA,1832,142337.74278531698
SIM,1,YES,1896,14
SIM,1,YES,1895,16
SIM,0,NA,1870,365195
SIM,1,YES,1898,14
SIM,0,NA,1871,365141
SIM,1,YES,1897,16
SIM,0,NA,1872,365053
SIM,0,NA,1873,364992
SIM,1,YES,1899,15
SIM,0,NA,1874,364903
SIM,0,NA,1875,364847
STAT,0,NA,1848,141877.07985837286
STAT,0,NA,1849,141849.5715745406
SIM,0,NA,1887,364015
STAT,0,NA,1844,141987.11820066936
SIM,0,NA,1888,363921
STAT,0,NA,1845,141959.60220660508
SIM,0,NA,1889,363869
STAT,0,NA,1846,141932.09288713438
STAT,0,NA,1847,141904.58598095775
SIM,1,YES,1881,15
STAT,0,NA,1840,142097.51412948113
SIM,1,YES,1880,16
STAT,0,NA,1841,142069.82764718798
SIM,1,YES,1883,15
STAT,0,NA,1842,142042.21588920613
SIM,1,YES,1882,15
STAT,0,NA,1843,142014.6548967918
SIM,1,YES,1885,15
SIM,0,NA,1880,364478
SIM,1,YES,1884,15
SIM,0,NA,1881,364416
SIM,1,YES,1887,15
SIM,0,NA,1882,364356
SIM,1,YES,1886,15
STAT,0,NA,1850,141822.0640132404
SIM,0,NA,1883,364271
SIM,1,YES,1889,15
SIM,0,NA,1884,364215
SIM,1,YES,1888,15
SIM,0,NA,1885,364136
SIM,0,NA,1886,364069
STAT,0,NA,1899,140481.32206797297
STAT,0,NA,1895,140590.25996356164
STAT,0,NA,1896,140563.01837620584
STAT,0,NA,1897,140535.78173511187
STAT,0,NA,1898,140508.5497148365
STAT,5+,NO,1850,307.003502967112
STAT,5+,NO,1851,306.94274436594753
STAT,5+,NO,1852,306.88222117850535
STAT,5+,NO,1853,306.82195501010347
STAT,5+,NO,1854,306.76200963406217
STAT,5+,NO,1855,306.7023399581648
STAT,5+,NO,1856,306.6429826477677
STAT,5+,NO,1857,306.583824269106
STAT,5+,NO,1858,306.52485975123153
STAT,5+,NO,1859,306.46611637514786
STAT,5+,NO,1840,307.60753817509357
STAT,5+,NO,1841,307.5482587920665
STAT,5+,NO,1842,307.48874841911635
STAT,5+,NO,1843,307.4288918825137
STAT,5+,NO,1844,307.3686975119195
STAT,5+,NO,1845,307.3080836372219
STAT,5+,NO,1846,307.2471353665482
STAT,5+,NO,1847,307.1861884543864
STAT,5+,NO,1848,307.1252531071607
STAT,5+,NO,1849,307.06436084206393
STAT,0,NA,1877,141081.69541984156
STAT,0,NA,1878,141054.34528942168
STAT,0,NA,1879,141026.99849276902
STAT,0,NA,1873,141191.12036896913
STAT,0,NA,1874,141163.7610435954
STAT,0,NA,1875,141136.4037436603
STAT,5+,NO,1870,305.8195746795738
STAT,0,NA,1876,141109.0484380737
STAT,5+,NO,1871,305.76009910855896
STAT,0,NA,1880,140999.65569893253
STAT,5+,NO,1872,305.7005084307559
STAT,0,NA,1881,140972.3173411402
STAT,0,NA,1882,140944.98409157322
STAT,5+,NO,1873,305.6408242169843
STAT,0,NA,1883,140917.65655884868
STAT,5+,NO,1874,305.581080472529
STAT,5+,NO,1875,305.5213096143482
STAT,5+,NO,1876,305.4615526266968
STAT,5+,NO,1877,305.40183828822455
STAT,5+,NO,1878,305.34217969598075
STAT,5+,NO,1879,305.2825947157578
STAT,5+,NA,2015,9605.648850962865
STAT,5+,NA,2014,9607.510902950366
STAT,5+,NA,2013,9609.373316484654
STAT,5+,NA,2012,9611.236092206045
STAT,5+,NA,2016,9603.787159891252
STAT,0,NA,1888,140781.11921473467
STAT,0,NA,1889,140753.8333101031
STAT,0,NA,1884,140890.3352299524
STAT,0,NA,1885,140863.02058833194
STAT,0,NA,1886,140835.71288845452
STAT,0,NA,1887,140808.41240877163
STAT,0,NA,1891,140699.28291624004
STAT,5+,NO,1860,306.40752503136514
STAT,0,NA,1892,140672.01796802794
STAT,5+,NO,1861,306.34906979604335
STAT,5+,NO,1862,306.2905852295119
STAT,0,NA,1893,140644.75940082144
STAT,0,NA,1894,140617.50685249336
STAT,5+,NO,1863,306.23205823931517
STAT,5+,NO,1864,306.17349657340515
STAT,5+,NO,1865,306.1148584520109
STAT,5+,NO,1866,306.05613194986205
STAT,0,NA,1890,140726.55460688542
STAT,5+,NO,1867,305.9972299842424
STAT,5+,NO,1868,305.9381575546195
STAT,5+,NO,1869,305.8789362961749
STAT,1,NA,1999,71694.12285401118
STAT,1,NA,1997,71721.92136242572
STAT,1,NA,1998,71708.020797503
STAT,1,NA,1995,71749.73036024478
STAT,1,NA,1996,71735.82454869205
STAT,1,NA,1988,71847.14567447387
STAT,1,NA,1989,71833.22107011969
STAT,1,NA,1986,71875.00320883628
STAT,1,NA,1987,71861.07304752649
STAT,1,NA,1984,71902.87195589882
STAT,1,NA,1985,71888.93617447755
STAT,1,NA,1993,71777.54989558403
STAT,1,NA,1994,71763.63880516864
STAT,1,NA,1991,71805.38007923802
STAT,1,NA,1992,71791.46364729997
STAT,1,NA,1990,71819.29921264715
STAT,1,NA,1979,71972.59307953053
STAT,1,NA,1977,72000.50094750091
STAT,1,NA,1978,71986.54565210358
STAT,1,NA,1975,72028.41956790982
STAT,1,NA,1976,72014.45893142959
STAT,1,NA,1973,72056.34865766653
STAT,1,NA,1974,72042.38282116888
STAT,1,NA,1982,71930.75198333652
STAT,1,NA,1983,71916.810558984
STAT,1,NA,1980,71958.64326072467
STAT,1,NA,1981,71944.69622187104
STAT,1,NA,1968,72126.21582136881
STAT,1,NA,1969,72112.23735642529
STAT,1,NA,1966,72154.18037598004
STAT,1,NA,1967,72140.196818775
STAT,1,NA,1964,72182.1553298682
STAT,1,NA,1965,72168.16653072236
STAT,1,NA,1962,72210.14108231483
STAT,1,NA,1963,72196.14682747552
STAT,1,NA,1971,72084.28796978734
STAT,1,NA,1972,72070.31704817916
STAT,1,NA,1970,72098.26140764006
STAT,1,NA,1959,72252.14098655812
SIM,0,NA,1854,366279
STAT,1,NA,1957,72280.15572081743
SIM,0,NA,1855,366265
STAT,1,NA,1958,72266.14684676389
SIM,0,NA,1856,366192
STAT,1,NA,1955,72308.18257961168
SIM,0,NA,1857,366111
STAT,1,NA,1956,72294.16763003018
SIM,0,NA,1858,366054
STAT,1,NA,1953,72336.22153140351
SIM,0,NA,1859,365983
STAT,1,NA,1954,72322.20055697243
STAT,1,NA,1951,72364.27226011339
STAT,1,NA,1952,72350.24545417973
STAT,1,NA,1960,72238.1381048535
STAT,1,NA,1961,72224.13815499257
STAT,1,NA,1948,72406.3691344736
STAT,1,NA,1949,72392.33419357442
SIM,0,NA,1865,365542
STAT,1,NA,1946,72434.44648008115
SIM,0,NA,1866,365485
STAT,1,NA,1947,72420.40659465751
SIM,0,NA,1867,365422
STAT,1,NA,1944,72462.53320151634
SIM,0,NA,1868,365333
STAT,1,NA,1945,72448.48870585322
SIM,0,NA,1869,365260
STAT,1,NA,1942,72490.62882551072
STAT,1,NA,1943,72476.57991673377
STAT,1,NA,1940,72518.73325962583
STAT,1,NA,1941,72504.6799295639
STAT,1,NA,1950,72378.30186998722
SIM,0,NA,1860,365897
SIM,0,NA,1861,365823
SIM,0,NA,1862,365778
SIM,0,NA,1863,365692
SIM,0,NA,1864,365622
STAT,1,NA,1939,72532.78887621047
STAT,1,NA,1937,72560.90735235374
STAT,1,NA,1938,72546.84686853545
STAT,1,NA,1935,72589.03635994047
STAT,1,NA,1936,72574.97046516636
STAT,1,NA,1933,72617.17714072496
STAT,1,NA,1934,72603.1051981789
STAT,1,NA,1931,72645.33092961324
STAT,1,NA,1932,72631.25233979864
STAT,1,NA,1930,72659.41301822755
STAT,1,NA,1928,72687.58794424083
STAT,1,NA,1929,72673.49867931879
STAT,1,NA,1926,72715.77717489582
STAT,1,NA,1927,72701.68079749712
STAT,1,NA,1924,72743.98000976136
STAT,1,NA,1925,72729.87696520104
STAT,1,NA,1922,72772.1950296463
STAT,1,NA,1923,72758.0861093014
STAT,1,NA,1920,72800.42030442833
STAT,1,NA,1921,72786.30651536008
STAT,2,NA,1897,64494.66798578342
STAT,2,NA,1898,64482.16222605138
STAT,2,NA,1899,64469.659195673376
STAT,4,NA,1902,20197.649392929692
STAT,4,NA,1901,20201.564642695146
STAT,4,NA,1900,20205.480861165935
STAT,4,NA,1906,20181.997567504568
STAT,4,NA,1905,20185.90921611884
STAT,4,NA,1904,20189.821712283174
STAT,4,NA,1903,20193.735092101204
STAT,4,NA,1909,20170.26732842521
STAT,4,NA,1908,20174.176661922218
STAT,4,NA,1907,20178.086728339116
STAT,2,NA,1860,64958.92299389861
STAT,2,NA,1861,64946.34632036712
STAT,2,NA,1862,64933.767595057914
STAT,2,NA,1863,64921.186712841765
STAT,2,NA,1853,65046.95753468206
STAT,2,NA,1854,65034.374665536954
STAT,2,NA,1855,65021.79532053351
STAT,2,NA,1856,65009.219148861055
STAT,2,NA,1857,64996.64515776209
STAT,2,NA,1858,64984.0720201104
STAT,2,NA,1859,64971.49820308315
STAT,2,NA,1870,64833.09010708499
STAT,2,NA,1871,64820.50905181303
STAT,2,NA,1872,64807.93144283303
STAT,2,NA,1873,64795.35813492919
STAT,2,NA,1874,64782.789673372215
STAT,2,NA,1864,64908.60373527426
STAT,2,NA,1865,64896.01885948742
STAT,2,NA,1866,64883.43268162672
STAT,2,NA,1867,64870.845929697265
STAT,2,NA,1868,64858.25929730897
STAT,2,NA,1869,64845.673811631794
STAT,2,NA,1880,64707.488313272836
STAT,2,NA,1881,64694.954780062115
STAT,2,NA,1882,64682.424954858725
STAT,2,NA,1883,64669.89825261242
STAT,2,NA,1884,64657.37404328504
STAT,2,NA,1885,64644.85193801304
STAT,2,NA,1875,64770.2264756615
STAT,2,NA,1876,64757.66848159651
STAT,2,NA,1877,64745.115742448375
STAT,2,NA,1878,64732.568358982484
STAT,2,NA,1879,64720.02592468461
STAT,2,NA,1890,64582.25890628806
STAT,2,NA,1891,64569.7424851836
STAT,2,NA,1892,64557.22684543491
STAT,2,NA,1893,64544.71213112072
STAT,2,NA,1894,64532.19857556515
STAT,2,NA,1895,64519.68647776532
STAT,2,NA,1896,64507.176174477616
STAT,2,NA,1886,64632.33136590668
STAT,2,NA,1887,64619.8120806742
STAT,2,NA,1888,64607.293687916
STAT,2,NA,1889,64594.77598555316
STAT,5+,NA,2004,9626.151392491867
STAT,5+,NA,2003,9628.01744365199
STAT,5+,NA,2002,9629.883857909652
STAT,5+,NA,2001,9631.750634544906
STAT,5+,NA,2008,9618.6908283514
STAT,5+,NA,2007,9620.55542276406
STAT,5+,NA,2006,9622.420381688806
STAT,5+,NA,2005,9624.285705023263
STAT,4,NA,1982,19886.872740773306
STAT,4,NA,1981,19890.727845977068
STAT,4,NA,1980,19894.583709339593
STAT,5+,NA,2009,9616.82659838296
STAT,4,NA,1986,19871.45989595872
STAT,4,NA,1985,19875.311972679974
STAT,4,NA,1984,19879.16480483903
STAT,4,NA,1983,19883.018393876227
STAT,4,NA,1979,19898.44033008069
STAT,4,NA,1978,19902.29770679664
STAT,2,NA,1810,62716.43645677135
STAT,2,NA,1811,63106.28727838422
STAT,4,NA,1977,19906.155837503386
STAT,2,NA,1812,63456.65076316504
STAT,4,NA,1976,19910.014719718514
STAT,2,NA,1813,63768.66903762922
STAT,4,NO,2001,662.1703694983937
STAT,2,NA,1814,64043.782594365104
STAT,4,NO,2002,662.0420395543416
STAT,2,NA,1815,64283.70314411872
STAT,2,NA,1816,64490.62875885371
STAT,4,NO,2000,662.2987220608624
STAT,2,NA,1817,64666.8015476666
STAT,4,NO,2005,661.6571838530033
STAT,2,NA,1818,64815.00046359656
STAT,4,NO,2006,661.5289434950514
STAT,2,NA,1819,64937.84422530638
STAT,4,NO,2003,661.9137319991223
STAT,4,NO,2004,661.7854467474774
STAT,4,NO,2009,661.1443609005053
STAT,5+,NA,2011,9613.099230733444
STAT,5+,NA,2010,9614.962732632293
STAT,4,NO,2007,661.4007259599339
STAT,4,NO,2008,661.2725316183843
STAT,4,NA,1993,19844.516342700896
STAT,4,NA,1992,19848.363187877156
STAT,4,NA,1991,19852.21077454497
STAT,4,NA,1990,19856.059104368574
STAT,4,NA,1997,19829.136355665774
STAT,4,NA,1996,19832.98024456483
STAT,4,NA,1995,19836.824871830308
STAT,2,NA,1830,65316.94777739264
STAT,4,NA,1994,19840.67023767736
STAT,2,NA,1820,65038.03229613576
STAT,4,NA,1989,19859.90817927441
STAT,2,NA,1821,65118.29941956845
STAT,4,NA,1988,19863.758001375816
STAT,2,NA,1822,65181.23611935656
STAT,2,NA,1823,65229.29712149153
STAT,4,NA,1987,19867.608572875433
STAT,2,NA,1824,65264.921180493555
STAT,4,NO,2012,660.7599951292973
STAT,2,NA,1825,65290.12033119347
STAT,4,NO,2013,660.6319234809788
STAT,2,NA,1826,65306.74235804537
STAT,4,NO,2010,661.0162142695823
STAT,2,NA,1827,65316.471076444315
STAT,4,NO,2011,660.8880921954761
STAT,2,NA,1828,65320.61935658987
STAT,4,NO,2016,660.2478641673888
STAT,2,NA,1829,65320.48656854472
STAT,4,NO,2014,660.5038776007083
STAT,4,NO,2015,660.3758577649971
STAT,5+,NA,2000,9633.617772746546
STAT,4,NA,1960,19971.8573150188
STAT,4,NA,1964,19956.37896158463
STAT,4,NA,1963,19960.247426501108
STAT,2,NA,1840,65211.101619355475
STAT,4,NA,1962,19964.11663682108
STAT,4,NA,1961,19967.986597786832
STAT,2,NA,1841,65198.51737226578
STAT,2,NA,1831,65310.87784066139
STAT,4,NA,1957,19983.474059892284
STAT,4,NA,1956,19987.347855329113
STAT,2,NA,1832,65302.93200719926
STAT,4,NA,1955,19991.222430138954
STAT,2,NA,1833,65293.58336969216
STAT,2,NA,1834,65283.22329203006
STAT,4,NA,1954,19995.097785853817
STAT,2,NA,1835,65272.05967055102
STAT,2,NA,1836,65260.35500811047
STAT,2,NA,1837,65248.30353246965
STAT,4,NA,1959,19975.728794215418
STAT,2,NA,1838,65236.039914201494
STAT,4,NA,1958,19979.601040869413
STAT,2,NA,1839,65223.62628137199
STAT,4,NA,1971,19929.32029695909
STAT,4,NA,1970,19933.183624583886
STAT,4,NA,1975,19913.874350562648
STAT,2,NA,1850,65084.75588521586
STAT,4,NA,1974,19917.734726893646
STAT,2,NA,1851,65072.14562834147
STAT,4,NA,1973,19921.59584546485
STAT,4,NA,1972,19925.45770311416
STAT,2,NA,1852,65059.547657554394
STAT,4,NA,1968,19940.91247489312
STAT,2,NA,1842,65185.886454502135
STAT,2,NA,1843,65173.24167767982
STAT,4,NA,1967,19944.777996526678
STAT,2,NA,1844,65160.580568319485
STAT,4,NA,1966,19948.644250042744
STAT,2,NA,1845,65147.92797299267
STAT,4,NA,1965,19952.511237400973
STAT,2,NA,1846,65135.27671676372
STAT,2,NA,1847,65122.63304170818
STAT,2,NA,1848,65109.99926264735
STAT,4,NA,1969,19937.047684222067
STAT,2,NA,1849,65097.371673919755
STAT,0,NA,1819,143937.51803784378
STAT,0,NA,1815,145809.05614106014
STAT,0,NA,1816,145223.07948971723
STAT,0,NA,1817,144721.7219583151
STAT,0,NA,1818,144296.149844983
STAT,0,NA,1811,149170.41986202679
STAT,0,NA,1812,148161.28225430145
STAT,0,NA,1813,147269.93629736156
STAT,0,NA,1814,146488.34305276096
STAT,4,NA,1942,20041.661530485064
STAT,4,NA,1941,20045.54658582515
STAT,4,NA,1940,20049.43234526922
STAT,0,NA,1810,150303.23949921425
STAT,4,NA,1935,20068.87183732606
STAT,4,NA,1934,20072.761937861793
STAT,4,NA,1933,20076.652802734767
STAT,4,NA,1932,20080.54444689619
STAT,4,NA,1939,20053.31880990426
STAT,4,NA,1938,20057.205983481093
STAT,4,NA,1937,20061.093872657977
STAT,4,NA,1936,20064.98248674994
STAT,0,NA,1826,142664.21420900954
STAT,0,NA,1827,142586.09901052614
STAT,0,NA,1828,142520.71851007626
STAT,0,NA,1829,142465.33126585442
STAT,0,NA,1822,143182.09242021877
STAT,0,NA,1823,143012.33780035822
STAT,0,NA,1824,142873.02694936658
STAT,0,NA,1825,142758.52702188143
STAT,4,NA,1953,19998.973922520712
STAT,4,NA,1952,20002.850838478957
STAT,0,NA,1820,143637.58794146197
STAT,4,NA,1951,20006.72853040266
STAT,0,NA,1821,143388.19866509255
STAT,4,NA,1950,20010.606993378475
STAT,4,NA,1946,20026.12841096093
STAT,4,NA,1945,20030.010614372426
STAT,4,NA,1944,20033.89354006521
STAT,4,NA,1943,20037.777180685734
STAT,4,NA,1949,20014.48622089736
STAT,4,NA,1948,20018.366205374547
STAT,4,NA,1947,20022.24693833883
SIM,4,YES,2014,1
STAT,4,NA,1920,20127.30786347048
STAT,4,NA,1913,20154.636720272123
STAT,4,NA,1912,20158.543405240503
STAT,4,NA,1911,20162.45072506425
STAT,4,NA,1910,20166.358693160055
STAT,4,NA,1917,20139.016269248055
STAT,4,NA,1916,20142.920425820845
STAT,4,NA,1915,20146.825228224545
STAT,4,NA,1914,20150.730661011097
SIM,4,YES,2006,1
STAT,4,NA,1919,20131.20996521147
STAT,4,NA,1918,20135.112775377744
STAT,0,NA,1808,152962.14136653327
STAT,0,NA,1809,151565.61263781463
STAT,0,NA,1804,159934.20439040684
STAT,0,NA,1805,157981.37176078558
STAT,0,NA,1806,156168.3498325332
STAT,0,NA,1807,154495.55693347784
STAT,0,NA,1800,169108.72578901364
STAT,0,NA,1801,166616.46767522767
STAT,0,NA,1802,164254.49122018722
STAT,0,NA,1803,162026.05995879177
STAT,4,NA,1931,20084.43688502629
STAT,4,NA,1930,20088.330131025392
STAT,4,NA,1924,20111.70700698936
STAT,4,NA,1923,20115.60604481744
STAT,4,NA,1922,20119.50588024562
STAT,2,NA,1800,56648.613791402924
STAT,4,NA,1921,20123.406493483933
STAT,2,NA,1801,57422.66562827356
STAT,4,NA,1928,20096.11909200283
STAT,2,NA,1802,58162.453280002526
STAT,4,NA,1927,20100.014821153563
STAT,2,NA,1803,58866.709679714804
STAT,4,NA,1926,20103.91138571804
STAT,2,NA,1804,59534.074917439415
STAT,4,NA,1925,20107.808783421682
STAT,2,NA,1805,60163.61986466213
STAT,2,NA,1806,60754.30248079813
STAT,2,NA,1807,61305.35182802262
STAT,2,NA,1808,61816.20159844088
STAT,4,NA,1929,20092.22419702608
STAT,2,NA,1809,62286.54892983178
STAT,3,NA,1961,42157.4105157523
STAT,3,NA,1960,42165.582645939845
STAT,3,NA,1963,42141.0711206619
STAT,3,NA,1962,42149.24001109528
STAT,3,NA,1954,42214.64993551134
STAT,3,NA,1953,42222.83356694727
STAT,3,NA,1956,42198.28758334531
STAT,3,NA,1955,42206.4679380315
STAT,3,NA,1958,42181.93182012917
STAT,3,NA,1957,42190.10887683096
STAT,3,NA,1959,42173.75641148507
SIM,3,NO,2012,1473
SIM,3,NO,2013,1526
SIM,3,NO,2014,1498
STAT,3,NA,1950,42247.3941284271
SIM,3,NO,2010,1483
STAT,3,NA,1952,42231.01882005356
SIM,3,NO,2011,1451
STAT,3,NA,1951,42239.20567966848
STAT,3,NA,1943,42304.75625084117
STAT,3,NA,1942,42312.956825517365
STAT,3,NA,1945,42288.359552454145
STAT,3,NA,1944,42296.55715968293
STAT,3,NA,1947,42271.968818456444
STAT,3,NA,1946,42280.163435094175
STAT,3,NA,1949,42255.58414725852
STAT,3,NA,1948,42263.77571686184
SIM,3,NO,2009,1525
SIM,3,NO,2005,1486
SIM,3,NO,2006,1455
SIM,3,NO,2007,1514
SIM,3,NO,2008,1487
SIM,3,NO,2001,1526
SIM,3,NO,2002,1451
SIM,3,NO,2003,1499
STAT,3,NA,1981,41994.29862856673
SIM,3,NO,2004,1508
STAT,3,NA,1980,42002.43936804149
STAT,3,NA,1983,41978.021934643235
STAT,3,NA,1982,41986.15948288919
STAT,3,NA,1985,41961.751638418114
SIM,3,NO,2000,1435
STAT,3,NA,1984,41969.88598615779
STAT,3,NA,1976,42035.01815397769
STAT,3,NA,1975,42043.16677445962
STAT,3,NA,1978,42018.72560804404
STAT,3,NA,1977,42026.87109618798
STAT,3,NA,1979,42010.5816964778
STAT,3,NA,1970,42083.93312233214
STAT,3,NA,1972,42067.62195051522
STAT,3,NA,1971,42075.77676571025
STAT,3,NA,1974,42051.31695105123
STAT,3,NA,1973,42059.468677943136
STAT,3,NA,1965,42124.73813399519
STAT,3,NA,1964,42132.90383238199
STAT,3,NA,1967,42108.41146063205
STAT,3,NA,1966,42116.57401367503
STAT,3,NA,1969,42092.09102127667
STAT,3,NA,1968,42100.2504656193
STAT,0,NA,1778,247204.61567269106
STAT,0,NA,1779,243028.37575840036
STAT,0,NA,1774,264241.9335299035
STAT,0,NA,1775,259934.5328298727
STAT,0,NA,1776,255659.05366573198
STAT,0,NA,1777,251415.50338366666
STAT,0,NA,1781,234787.13794138728
STAT,5+,NO,1970,299.94605158532175
STAT,3,NA,1998,41856.14954317804
STAT,0,NA,1782,230727.45376674298
STAT,5+,NO,1971,299.8879349510399
STAT,3,NA,1997,41864.26335879003
STAT,0,NA,1783,226712.28996741536
STAT,5+,NO,1972,299.8298297116624
STAT,0,NA,1784,222744.6820797279
STAT,5+,NO,1973,299.77173497878914
STAT,3,NA,1999,41848.03728548944
STAT,5+,NO,1974,299.7136499599213
STAT,5+,NO,1975,299.65557399840594
STAT,5+,NO,1976,299.5975066003273
STAT,0,NA,1780,238888.36368019643
STAT,5+,NO,1977,299.5394474470553
STAT,5+,NO,1978,299.481396397825
STAT,5+,NO,1979,299.4233534816978
STAT,0,NA,1789,203747.33952553527
STAT,3,NA,1990,41921.103859318624
STAT,3,NA,1992,41904.855863563615
STAT,3,NA,1991,41912.979071901034
STAT,0,NA,1785,218828.3440287659
STAT,3,NA,1994,41888.61416573337
STAT,0,NA,1786,214966.2337607725
STAT,3,NA,1993,41896.734229630965
STAT,0,NA,1787,211162.545575099
STAT,3,NA,1996,41872.37873317119
STAT,0,NA,1788,207421.513294919
STAT,3,NA,1995,41880.49566799188
STAT,0,NA,1792,193170.10154467233
STAT,3,NA,1987,41945.48774258646
STAT,0,NA,1793,189808.88541646
STAT,5+,NO,1960,300.5280182179159
STAT,3,NA,1986,41953.61889108441
STAT,0,NA,1794,186538.51673515356
STAT,5+,NO,1961,300.4697502873889
STAT,3,NA,1989,41929.230230571746
STAT,0,NA,1795,183363.82668986847
STAT,5+,NO,1962,300.4114978575988
STAT,3,NA,1988,41937.35819026274
STAT,5+,NO,1963,300.35326152982356
STAT,5+,NO,1964,300.2950416142092
STAT,0,NA,1790,200144.31295967373
STAT,5+,NO,1965,300.236838138956
STAT,0,NA,1791,196616.83267712858
STAT,5+,NO,1966,300.17865086807274
STAT,5+,NO,1967,300.12047932503486
STAT,5+,NO,1968,300.0623228326196
STAT,5+,NO,1969,300.00418056005907
STAT,0,NA,1756,359069.0085703044
STAT,0,NA,1757,351328.3843119642
STAT,0,NA,1758,344210.8119620317
STAT,0,NA,1759,337605.9897652052
STAT,1,NA,1898,73111.49221811083
STAT,1,NA,1899,73097.31277650855
STAT,1,NA,1896,73139.86360821588
STAT,5+,NO,1990,298.7855329859906
STAT,0,NA,1755,362441.2209301321
STAT,1,NA,1897,73125.67599410482
STAT,5+,NO,1991,298.7276208437917
STAT,5+,NO,1992,298.6697218508505
STAT,0,NA,1760,331446.725797283
STAT,5+,NO,1993,298.6118359558798
STAT,0,NA,1761,325650.2815495731
STAT,4,NA,1999,19821.450793843793
STAT,5+,NO,1994,298.55396301442175
STAT,0,NA,1762,320149.8253049611
STAT,4,NA,1998,19825.293205273407
STAT,5+,NO,1995,298.49610280192934
STAT,5+,NO,1996,298.4382550307033
STAT,5+,NO,1997,298.38041936925265
STAT,5+,NO,1998,298.32259546281574
STAT,5+,NO,1999,298.26478295334493
STAT,0,NA,1767,295445.2040477606
STAT,0,NA,1768,290837.0114990601
STAT,0,NA,1769,286295.42169602757
STAT,1,NA,1889,73239.23005650484
STAT,0,NA,1763,314889.6383490281
STAT,1,NA,1887,73267.61967031051
STAT,0,NA,1764,309824.0985591907
STAT,1,NA,1888,73253.42543046716
STAT,0,NA,1765,304914.6207778558
STAT,1,NA,1885,73296.00525226518
STAT,0,NA,1766,300130.66679143073
STAT,5+,NO,1980,299.36531888565315
STAT,1,NA,1886,73281.81282809068
STAT,0,NA,1770,281804.11722841754
STAT,1,NA,1894,73168.24794246964
STAT,5+,NO,1981,299.30729293581777
STAT,0,NA,1771,277358.15623436816
STAT,5+,NO,1982,299.24927607140955
STAT,1,NA,1895,73154.0544753741
STAT,0,NA,1772,272951.51288017316
STAT,1,NA,1892,73196.63979989612
STAT,5+,NO,1983,299.1912688137912
STAT,0,NA,1773,268579.73610535625
STAT,1,NA,1893,73182.44328963089
STAT,5+,NO,1984,299.1332717317603
STAT,1,NA,1890,73225.03372613777
STAT,5+,NO,1985,299.07528540778975
STAT,1,NA,1891,73210.83680344615
STAT,5+,NO,1986,299.01731040800234
STAT,5+,NO,1987,298.95934725514263
STAT,5+,NO,1988,298.90139640494186
STAT,5+,NO,1989,298.84345822613795
STAT,1,NA,1878,73395.39184963595
STAT,1,NA,1879,73381.18223717475
STAT,1,NA,1876,73423.8323639567
STAT,1,NA,1877,73409.60819661597
STAT,1,NA,1874,73452.30616433723
STAT,1,NA,1875,73438.06486456568
STAT,1,NA,1883,73324.38973192293
STAT,1,NA,1884,73310.19729023929
STAT,1,NA,1881,73352.77920916921
STAT,1,NA,1882,73338.58333670041
STAT,1,NA,1880,73366.97849829563
STAT,1,NA,1869,73523.64080448865
STAT,1,NA,1867,73552.2160863238
STAT,1,NA,1868,73537.92687020442
STAT,1,NA,1865,73580.79612604383
STAT,1,NA,1866,73566.5064352401
STAT,1,NA,1863,73609.36621857506
STAT,1,NA,1864,73595.08330736248
STAT,1,NA,1872,73480.81615597125
STAT,1,NA,1873,73466.55666637645
STAT,1,NA,1870,73509.35936852086
STAT,1,NA,1871,73495.08408114438
STAT,1,NA,1858,73680.682641647
STAT,1,NA,1859,73666.43376535513
STAT,1,NA,1856,73709.16289003994
STAT,1,NA,1857,73694.92504949681
STAT,0,NA,1796,180289.96396343582
STAT,1,NA,1854,73737.6334889843
STAT,0,NA,1797,177322.64142305587
STAT,1,NA,1855,73723.39827720482
STAT,0,NA,1798,174466.46759003305
STAT,1,NA,1852,73766.11457846414
STAT,0,NA,1799,171726.88081956565
STAT,1,NA,1853,73751.870449064
STAT,1,NA,1861,73637.91422009106
STAT,1,NA,1862,73623.64354637949
STAT,1,NA,1860,73652.17758626831
STAT,1,NA,1849,73808.9198429235
STAT,1,NA,1847,73837.54098478836
STAT,1,NA,1848,73823.22169231073
STAT,1,NA,1845,73866.25079101656
STAT,1,NA,1846,73851.88379185752
STAT,1,NA,1843,73895.06627304257
STAT,1,NA,1844,73880.64060599408
STAT,1,NA,1841,73924.00585885804
STAT,1,NA,1842,73909.51491011109
STAT,1,NA,1850,73794.6381654974
STAT,1,NA,1851,73780.36840667001
SIM,4,NO,2008,402
SIM,4,NO,2009,380
SIM,4,NO,2006,408
STAT,1,NA,1838,73967.85383989091
SIM,4,NO,2007,405
STAT,1,NA,1839,73953.14546613372
SIM,4,NO,2004,384
STAT,1,NA,1836,73997.85615753077
SIM,4,NO,2005,373
STAT,1,NA,1837,73982.72129463905
SIM,4,NO,2002,429
STAT,1,NA,1834,74029.47558297346
SIM,4,NO,2003,384
STAT,1,NA,1835,74013.37781294495
SIM,4,NO,2000,407
STAT,1,NA,1832,74064.37836057154
SIM,4,NO,2001,406
STAT,1,NA,1833,74046.34354323047
STAT,1,NA,1830,74105.60297420334
STAT,1,NA,1831,74083.96601296033
STAT,3,NA,1910,42576.220514544926
STAT,1,NA,1840,73938.53682880873
STAT,3,NA,1912,42559.72138987874
STAT,3,NA,1911,42567.970199961535
STAT,3,NA,1914,42543.228031735125
STAT,3,NA,1913,42551.474019712725
STAT,3,NA,1916,42526.74005946277
STAT,3,NA,1915,42534.98338806199
STAT,3,NA,1918,42510.25734699333
STAT,3,NA,1917,42518.49804361876
STAT,3,NA,1919,42502.01799102904
STAT,1,NA,1829,74129.87974909438
STAT,1,NA,1827,74188.78340055242
STAT,1,NA,1828,74157.31604291582
STAT,1,NA,1825,74266.39317968849
STAT,1,NA,1826,74224.87076189576
SIM,4,NO,2013,426
STAT,1,NA,1823,74367.85869437795
SIM,4,NO,2014,384
STAT,1,NA,1824,74313.924756974
SIM,4,NO,2011,404
STAT,1,NA,1821,74495.6133225799
SIM,4,NO,2012,406
STAT,1,NA,1822,74428.52755854207
SIM,4,NO,2010,390
STAT,1,NA,1820,74568.75072094696
STAT,3,NA,1901,42650.553981920624
STAT,3,NA,1900,42658.82324560405
STAT,3,NA,1903,42634.02163314685
STAT,3,NA,1902,42642.286771922474
STAT,3,NO,2010,1564.2984094872807
STAT,3,NA,1905,42617.497506157866
STAT,3,NO,2011,1563.995209908931
STAT,3,NA,1904,42625.75855719773
STAT,3,NO,2012,1563.6920710450975
STAT,3,NA,1907,42600.981275955724
STAT,3,NO,2013,1563.388993576199
STAT,3,NA,1906,42609.23843324182
STAT,3,NO,2014,1563.0859779972534
STAT,3,NA,1909,42584.47240560614
STAT,3,NO,2015,1562.7830246050714
STAT,3,NA,1908,42592.72596306245
STAT,3,NO,2016,1562.4801334963527
STAT,1,NA,1818,74729.54480385769
STAT,1,NA,1819,74647.17622747693
STAT,1,NA,1816,74897.8799929779
STAT,1,NA,1817,74813.89520407582
STAT,1,NA,1814,75052.35537833832
STAT,1,NA,1815,74978.37916733082
STAT,1,NA,1812,75165.78306565242
STAT,1,NA,1813,75116.10268294634
STAT,1,NA,1810,75207.28923485422
STAT,1,NA,1811,75197.58604112822
STAT,3,NA,1941,42321.158889374856
STAT,3,NA,1940,42329.36245373648
STAT,3,NA,1932,42395.047876402416
STAT,3,NA,1931,42403.26610725871
STAT,3,NA,1934,42378.61661960777
STAT,3,NA,1933,42386.83138801663
STAT,3,NA,1936,42362.1921296645
STAT,3,NA,1935,42370.40354369047
STAT,3,NA,1938,42345.774156941414
STAT,3,NO,2000,1567.3335384122067
STAT,3,NA,1937,42353.982344835065
STAT,3,NO,2001,1567.0297813469347
STAT,3,NO,2002,1566.726077321346
STAT,3,NA,1939,42337.56753555589
STAT,3,NO,2003,1566.422426370383
STAT,3,NO,2004,1566.1188288254398
STAT,3,NO,2005,1565.8152852767491
STAT,3,NO,2006,1565.5117965234751
STAT,3,NO,2007,1565.2083635163408
STAT,3,NO,2008,1564.9049872972414
STAT,3,NO,2009,1564.6016689388662
STAT,1,NA,1809,75191.4462663604
STAT,1,NA,1807,75068.20057652266
STAT,1,NA,1808,75146.15009713659
STAT,1,NA,1805,74803.86409573897
STAT,1,NA,1806,74954.86497352457
STAT,1,NA,1803,74381.95783182887
STAT,1,NA,1804,74613.35378113786
STAT,1,NA,1801,73792.63923138824
STAT,1,NA,1802,74108.50566844393
STAT,1,NA,1800,73434.34595321456
STAT,3,NA,1930,42411.48609703695
STAT,3,NA,1921,42485.543449270124
STAT,3,NA,1920,42493.78001163845
STAT,3,NA,1923,42469.074777727255
STAT,3,NA,1922,42477.308354718596
STAT,3,NA,1925,42452.61238705316
STAT,3,NA,1924,42460.84277134849
STAT,3,NA,1927,42436.15665707851
STAT,3,NA,1926,42444.38366959558
STAT,3,NA,1929,42419.70785445292
STAT,3,NA,1928,42427.93137830608
SIM,3,YES,1984,1
SIM,3,YES,1983,2
SIM,3,YES,1982,2
SIM,3,YES,1981,1
SIM,3,YES,1988,2
SIM,3,YES,1987,2
SIM,3,YES,1986,1
SIM,3,YES,1985,2
SIM,3,YES,1989,1
SIM,3,YES,1980,2
SIM,3,YES,1995,1
SIM,3,YES,1994,2
SIM,3,YES,1993,2
SIM,3,YES,1992,1
SIM,3,YES,1999,2
SIM,3,YES,1998,2
SIM,3,YES,1997,1
SIM,3,YES,1996,2
SIM,3,YES,1991,2
SIM,3,YES,1990,2
STAT,3,YES,1897,1.7450426195580653
STAT,3,YES,1896,1.7453817759735377
STAT,3,YES,1899,1.7443641635335154
STAT,3,YES,1898,1.7447033934359302
SIM,2,NO,1911,3281
SIM,2,NO,1912,3315
SIM,2,NO,1910,3191
SIM,2,NO,1904,3237
SIM,2,NO,1905,3308
SIM,2,NO,1902,3329
SIM,2,NO,1903,3225
SIM,2,NO,1908,3259
SIM,2,NO,1909,3229
SIM,2,NO,1906,3289
SIM,2,NO,1907,3230
STAT,3,YES,1886,1.7487618461705814
STAT,3,YES,1885,1.7490990457554336
STAT,3,YES,1888,1.7480874427066124
STAT,3,YES,1887,1.7484246746116459
SIM,2,NO,1922,3217
SIM,2,NO,1923,3282
STAT,3,YES,1889,1.747750073333962
SIM,2,NO,1920,3276
SIM,2,NO,1921,3299
SIM,2,NO,1915,3240
SIM,2,NO,1916,3243
SIM,2,NO,1913,3310
STAT,3,YES,1891,1.747074676122361
SIM,2,NO,1914,3240
STAT,3,YES,1890,1.7474124980388084
SIM,2,NO,1919,3168
STAT,3,YES,1893,1.7463982247172436
STAT,3,YES,1892,1.7467365820657188
SIM,2,NO,1917,3229
STAT,3,YES,1895,1.7457207919330981
SIM,2,NO,1918,3278
STAT,3,YES,1894,1.746059621027322
STAT,3,YES,1875,1.7524913608783501
STAT,3,YES,1874,1.7528335613859674
STAT,3,YES,1877,1.7518085561140022
STAT,3,YES,1876,1.7521496634716756
STAT,3,YES,1879,1.7511281084473085
STAT,3,YES,1878,1.751468037333623
STAT,3,YES,1880,1.7507887609874944
STAT,3,YES,1882,1.7501117255488723
STAT,3,YES,1881,1.75044998081915
STAT,3,YES,1884,1.7494363628535672
STAT,3,YES,1883,1.7497738878057882
STAT,3,YES,1864,1.7562513446070958
STAT,3,YES,1863,1.7565899170563415
STAT,3,YES,1866,1.7555719236847132
STAT,3,YES,1865,1.7559119976697708
SIM,2,NO,1900,3302
STAT,3,YES,1868,1.754889320419382
SIM,2,NO,1901,3251
STAT,3,YES,1867,1.755230987751008
STAT,3,YES,1869,1.7545471108704775
STAT,3,YES,1871,1.7538617451143845
STAT,3,YES,1870,1.7542045193430817
STAT,3,YES,1873,1.7531761228143639
STAT,3,YES,1872,1.75351890304814
SIM,2,NO,1951,3221
STAT,1,NO,1971,4241.676743553252
SIM,2,NO,1952,3281
SIM,4,NO,1999,436
STAT,1,NO,1972,4240.85456120034
STAT,1,NO,1973,4240.032520541098
SIM,2,NO,1950,3243
STAT,1,NO,1974,4239.21062830943
SIM,2,NO,1955,3242
SIM,4,NO,1996,422
SIM,3,YES,1922,2
SIM,2,NO,1956,3241
SIM,4,NO,1995,416
SIM,3,YES,1921,2
SIM,2,NO,1953,3242
SIM,4,NO,1998,432
SIM,3,YES,1920,2
SIM,2,NO,1954,3225
SIM,4,NO,1997,423
STAT,1,NO,1970,4242.4990613256905
SIM,4,NO,1992,434
SIM,3,YES,1926,2
SIM,4,NO,1991,414
SIM,3,YES,1925,1
SIM,4,NO,1994,398
SIM,3,YES,1924,2
SIM,4,NO,1993,401
SIM,3,YES,1923,1
SIM,3,YES,1929,2
SIM,4,NO,1990,397
SIM,3,YES,1928,1
SIM,3,YES,1927,2
STAT,3,NA,1799,34473.76026157419
SIM,2,NO,1948,3235
STAT,1,NO,1979,4235.103617101798
SIM,2,NO,1949,3289
SIM,2,NO,1946,3202
SIM,2,NO,1947,3227
STAT,1,NO,1975,4238.388891338877
STAT,1,NO,1976,4237.567316204037
STAT,1,NO,1977,4236.745908889243
STAT,1,NO,1978,4235.9246745097935
SIM,2,NO,1962,3250
STAT,1,NO,1960,4250.72928930012
SIM,2,NO,1963,3237
STAT,1,NO,1961,4249.905641648795
SIM,2,NO,1960,3225
STAT,1,NO,1962,4249.082152536985
SIM,2,NO,1961,3229
STAT,1,NO,1963,4248.25881171258
SIM,2,NO,1966,3162
SIM,3,YES,1933,2
SIM,2,NO,1967,3221
SIM,3,YES,1932,2
SIM,2,NO,1964,3231
SIM,3,YES,1931,1
STAT,3,NA,1790,27944.945750068444
SIM,2,NO,1965,3249
SIM,3,YES,1930,2
SIM,3,YES,1937,1
STAT,3,NA,1792,29500.4761374111
SIM,3,YES,1936,2
STAT,3,NA,1791,28729.07982785939
SIM,3,YES,1935,2
STAT,3,NA,1794,31001.967040683114
SIM,3,YES,1934,1
STAT,3,NA,1793,30258.42375645863
STAT,3,NA,1796,32442.765907658522
STAT,3,NA,1795,31730.412250605736
SIM,3,YES,1939,2
STAT,3,NA,1798,33815.3091423935
SIM,3,YES,1938,2
STAT,3,NA,1797,33138.01711196529
STAT,3,NA,1789,27148.65370535335
STAT,3,NA,1788,26341.34315874829
SIM,2,NO,1959,3245
STAT,1,NO,1968,4244.14408262238
STAT,1,NO,1969,4243.321509085789
SIM,2,NO,1957,3209
SIM,2,NO,1958,3294
STAT,1,NO,1964,4247.4356102368765
STAT,1,NO,1965,4246.6125408718635
STAT,1,NO,1966,4245.789598312435
STAT,1,NO,1967,4244.966779295882
STAT,1,NO,1993,4223.62710196625
SIM,2,NO,1930,3289
STAT,1,NO,1994,4222.808539353404
STAT,1,NO,1995,4221.99012167446
STAT,1,NO,1996,4221.171848915237
SIM,2,NO,1933,3224
SIM,3,YES,1900,2
SIM,2,NO,1934,3219
STAT,1,NO,1990,4226.083670995194
SIM,2,NO,1931,3187
STAT,1,NO,1991,4225.264665862266
SIM,2,NO,1932,3272
STAT,1,NO,1992,4224.44581028635
SIM,3,YES,1904,1
SIM,3,YES,1903,2
SIM,3,YES,1902,1
SIM,3,YES,1901,2
SIM,3,YES,1908,1
SIM,3,YES,1907,3
SIM,3,YES,1906,1
SIM,3,YES,1905,2
SIM,2,NO,1926,3239
SIM,2,NO,1927,3223
SIM,2,NO,1924,3365
SIM,2,NO,1925,3265
STAT,1,NO,1997,4220.353721768513
STAT,1,NO,1998,4219.535741549199
SIM,2,NO,1928,3206
STAT,1,NO,1999,4218.717910081959
SIM,2,NO,1929,3147
SIM,2,NO,1940,3259
STAT,1,NO,1982,4232.641528666524
SIM,2,NO,1941,3269
STAT,1,NO,1983,4231.821194871763
STAT,1,NO,1984,4231.001039907457
STAT,1,NO,1985,4230.181060920728
SIM,2,NO,1944,3206
SIM,3,YES,1911,1
SIM,2,NO,1945,3297
SIM,3,YES,1910,2
SIM,2,NO,1942,3222
STAT,1,NO,1980,4234.2827394927335
SIM,2,NO,1943,3381
STAT,1,NO,1981,4233.462043245486
SIM,3,YES,1915,2
SIM,3,YES,1914,1
SIM,3,YES,1913,2
SIM,3,YES,1912,2
SIM,3,YES,1919,1
SIM,3,YES,1918,2
SIM,3,YES,1917,2
SIM,3,YES,1916,1
SIM,3,YES,1909,2
SIM,2,NO,1937,3180
SIM,2,NO,1938,3288
SIM,2,NO,1935,3277
SIM,2,NO,1936,3312
STAT,1,NO,1986,4229.361254374586
STAT,1,NO,1987,4228.541616282534
SIM,2,NO,1939,3167
STAT,1,NO,1988,4227.722142444022
STAT,1,NO,1989,4226.902828670678
SIM,4,NO,1956,421
SIM,2,NO,1995,3229
SIM,3,YES,1962,1
STAT,2,NO,2007,2911.266076277213
SIM,4,NO,1955,422
SIM,2,NO,1996,3200
SIM,3,YES,1961,2
STAT,2,NO,2008,2910.70180207842
SIM,4,NO,1958,401
SIM,2,NO,1993,3250
SIM,3,YES,1960,2
STAT,2,NO,2005,2912.394954248462
SIM,4,NO,1957,406
SIM,2,NO,1994,3209
STAT,1,NO,1930,4275.517162672832
STAT,2,NO,2006,2911.8304609225506
SIM,4,NO,1952,415
SIM,2,NO,1999,3202
SIM,3,YES,1966,2
STAT,2,NO,2003,2913.524259502182
SIM,4,NO,1951,413
SIM,3,YES,1965,1
STAT,2,NO,2004,2912.9595543942837
SIM,4,NO,1954,422
SIM,2,NO,1997,3180
SIM,3,YES,1964,2
STAT,2,NO,2001,2914.653977823733
SIM,4,NO,1953,447
SIM,2,NO,1998,3107
SIM,3,YES,1963,2
STAT,2,NO,2002,2914.0890678229603
SIM,3,YES,1969,2
STAT,2,NO,2000,2915.2189882895996
SIM,4,NO,1950,424
SIM,3,YES,1968,2
SIM,3,YES,1967,1
SIM,2,NO,1991,3240
SIM,2,NO,1992,3201
SIM,2,NO,1990,3232
STAT,1,NO,1939,4268.069045476827
STAT,1,NO,1935,4271.377985689779
STAT,1,NO,1936,4270.550620342139
STAT,1,NO,1937,4269.723352464018
STAT,1,NO,1938,4268.896164905498
SIM,4,NO,1949,396
STAT,1,NO,1931,4274.688916557114
SIM,4,NO,1948,416
STAT,1,NO,1932,4273.860905867398
STAT,1,NO,1933,4273.033100752175
STAT,2,NO,2009,2910.1376399122137
STAT,1,NO,1934,4272.205470456698
SIM,4,NO,1967,428
SIM,3,YES,1973,1
SIM,4,NO,1966,377
SIM,3,YES,1972,2
SIM,4,NO,1969,437
SIM,3,YES,1971,2
STAT,2,NO,2016,2906.1917131461532
SIM,4,NO,1968,421
SIM,3,YES,1970,1
SIM,4,NO,1963,422
SIM,3,YES,1977,2
STAT,2,NO,2014,2907.318545176027
SIM,4,NO,1962,403
SIM,3,YES,1976,2
STAT,2,NO,2015,2906.755071900369
SIM,4,NO,1965,430
SIM,3,YES,1975,1
STAT,2,NO,2012,2908.4458374261862
SIM,4,NO,1964,423
SIM,3,YES,1974,2
STAT,2,NO,2013,2907.882133577665
STAT,2,NO,2010,2909.573591115048
STAT,2,NO,2011,2909.009656720705
SIM,4,NO,1961,432
SIM,3,YES,1979,2
SIM,4,NO,1960,383
SIM,3,YES,1978,1
STAT,1,NO,1928,4277.174468765513
STAT,1,NO,1929,4276.345671975583
STAT,1,NO,1924,4280.4928170391595
STAT,1,NO,1925,4279.662746530744
STAT,1,NO,1926,4278.832996961904
STAT,1,NO,1927,4278.0035726711885
STAT,1,NO,1920,4283.8159054487805
SIM,4,NO,1959,429
STAT,1,NO,1921,4282.984772931234
STAT,1,NO,1922,4282.153856884267
STAT,1,NO,1923,4281.323194708762
SIM,2,NO,1973,3207
SIM,4,NO,1978,409
SIM,3,YES,1940,1
SIM,2,NO,1974,3305
SIM,4,NO,1977,393
STAT,1,NO,1950,4258.976573086591
SIM,2,NO,1971,3127
STAT,1,NO,1951,4258.150884159496
SIM,4,NO,1979,425
SIM,2,NO,1972,3200
STAT,1,NO,1952,4257.325406661233
SIM,2,NO,1977,3211
SIM,4,NO,1974,399
SIM,3,YES,1944,2
SIM,2,NO,1978,3223
SIM,4,NO,1973,398
SIM,3,YES,1943,2
SIM,2,NO,1975,3212
SIM,4,NO,1976,431
SIM,3,YES,1942,1
SIM,2,NO,1976,3147
SIM,4,NO,1975,427
SIM,3,YES,1941,2
SIM,0,NA,2008,355525
SIM,4,NO,1970,392
SIM,3,YES,1948,1
SIM,0,NA,2009,355430
SIM,3,YES,1947,2
SIM,4,NO,1972,406
SIM,3,YES,1946,2
SIM,3,YES,1945,1
SIM,4,NO,1971,405
SIM,2,NO,1970,3316
SIM,3,YES,1949,2
SIM,0,NA,2000,356060
SIM,0,NA,2001,356002
SIM,0,NA,2002,355948
SIM,0,NA,2003,355874
SIM,0,NA,2004,355797
SIM,0,NA,2005,355717
SIM,0,NA,2006,355666
SIM,0,NA,2007,355571
STAT,1,NO,1957,4253.201294753211
STAT,1,NO,1958,4252.377104722806
SIM,2,NO,1968,3276
STAT,1,NO,1959,4251.55310655578
SIM,2,NO,1969,3307
STAT,1,NO,1953,4256.500146872627
STAT,1,NO,1954,4255.675107753219
STAT,1,NO,1955,4254.850288875594
STAT,1,NO,1956,4254.025686647024
SIM,4,NO,1989,423
SIM,2,NO,1984,3248
SIM,3,YES,1951,1
SIM,4,NO,1988,406
SIM,2,NO,1985,3279
SIM,3,YES,1950,2
SIM,2,NO,1982,3187
STAT,1,NO,1940,4267.241987520043
SIM,2,NO,1983,3184
STAT,1,NO,1941,4266.414990056062
SIM,2,NO,1988,3205
SIM,4,NO,1985,422
SIM,3,YES,1955,2
SIM,2,NO,1989,3230
SIM,4,NO,1984,400
SIM,3,YES,1954,2
SIM,2,NO,1986,3180
SIM,4,NO,1987,466
SIM,3,YES,1953,1
SIM,4,NO,1986,409
SIM,2,NO,1987,3171
SIM,3,YES,1952,2
SIM,4,NO,1981,409
SIM,3,YES,1959,1
SIM,4,NO,1980,388
SIM,3,YES,1958,2
SIM,4,NO,1983,386
SIM,3,YES,1957,2
SIM,4,NO,1982,404
SIM,3,YES,1956,1
SIM,2,NO,1980,3319
SIM,2,NO,1981,3241
SIM,0,NA,2011,355288
SIM,0,NA,2012,355221
SIM,0,NA,2013,355148
SIM,0,NA,2014,355089
SIM,0,NA,2015,38
STAT,1,NO,1946,4262.281208907907
STAT,1,NO,1947,4261.454798110708
SIM,2,NO,1979,3276
STAT,1,NO,1948,4260.628544003295
STAT,1,NO,1949,4259.802463900051
STAT,1,NO,1942,4265.588057479963
STAT,1,NO,1943,4264.76119891016
STAT,1,NO,1944,4263.934427226791
SIM,0,NA,2010,355386
STAT,1,NO,1945,4263.107758071525
SIM,4,NO,1912,399
SIM,4,NO,1911,421
SIM,4,NO,1914,420
SIM,4,NO,1913,409
SIM,4,NO,1910,427
STAT,3,NA,1840,43157.38762599089
STAT,3,NA,1842,43140.9450210801
STAT,3,NA,1841,43149.20970589585
STAT,3,NA,1833,43203.26487119586
STAT,3,NA,1832,43205.02784578667
STAT,3,NA,1835,43194.22503582192
STAT,3,NA,1834,43199.50041678424
STAT,3,NA,1837,43180.79824162079
STAT,3,NA,1836,43187.86679579489
STAT,3,NA,1839,43165.4353910999
STAT,3,NA,1838,43173.26849248274
SIM,4,NO,1909,433
SIM,4,NO,1908,424
SIM,4,NO,1905,406
SIM,4,NO,1904,418
SIM,4,NO,1907,380
SIM,4,NO,1906,432
SIM,4,NO,1923,418
SIM,4,NO,1922,413
SIM,4,NO,1925,424
SIM,4,NO,1924,411
SIM,4,NO,1921,433
SIM,4,NO,1920,419
STAT,3,NA,1831,43204.12042396379
STAT,3,NA,1830,43199.7508292751
STAT,3,NA,1822,42889.02349429118
STAT,3,NA,1821,42792.183040012766
STAT,3,NA,1824,43033.89521091599
STAT,3,NA,1823,42969.01394682336
STAT,3,NA,1826,43125.24028912576
STAT,3,NA,1825,43085.413791193576
STAT,3,NA,1828,43176.45077913253
STAT,3,NA,1827,43155.06020226556
SIM,4,NO,1919,415
STAT,3,NA,1829,43190.90786189984
STAT,4,YES,2016,0.18573704383663298
SIM,4,NO,1916,410
SIM,4,NO,1915,460
SIM,4,NO,1918,413
SIM,4,NO,1917,404
SIM,4,NO,1934,409
STAT,4,YES,2011,0.18591714901799283
SIM,4,NO,1933,406
STAT,4,YES,2010,0.18595319156593004
SIM,4,NO,1936,392
SIM,4,NO,1935,405
SIM,4,NO,1930,411
STAT,4,YES,2015,0.18577305024231774
STAT,4,YES,2014,0.18580906402915107
SIM,4,NO,1932,401
STAT,4,YES,2013,0.18584508514268716
SIM,4,NO,1931,453
STAT,4,YES,2012,0.18588111350513856
STAT,3,NA,1860,42990.89017267849
STAT,3,NA,1862,42974.23289958385
STAT,3,NA,1861,42982.561679294544
STAT,3,NA,1864,42957.574702703925
STAT,3,NA,1863,42965.90387777188
STAT,3,NA,1855,43032.531763530926
STAT,3,NA,1854,43040.86210238236
STAT,3,NA,1857,43015.874412560355
STAT,3,NA,1856,43024.20260879342
STAT,3,NA,1859,42999.218597727704
STAT,3,NA,1858,43007.54664181211
SIM,5+,NO,1856,79
STAT,4,YES,2008,0.1860252972541636
SIM,5+,NO,1857,73
STAT,4,YES,2007,0.18606136013195274
SIM,5+,NO,1854,72
STAT,4,YES,2006,0.18609742953442004
SIM,5+,NO,1855,68
STAT,4,YES,2005,0.18613350535727227
SIM,4,NO,1927,436
SIM,4,NO,1926,409
SIM,5+,NO,1858,61
SIM,4,NO,1929,420
SIM,5+,NO,1859,69
SIM,4,NO,1928,410
STAT,4,YES,2009,0.18598924102204636
SIM,4,NO,1945,451
STAT,4,YES,2000,0.18631397911069578
SIM,4,NO,1944,428
SIM,4,NO,1947,427
SIM,4,NO,1946,445
SIM,4,NO,1941,388
STAT,4,YES,2004,0.18616958751996682
SIM,4,NO,1940,432
STAT,4,YES,2003,0.18620567597204918
SIM,4,NO,1943,402
STAT,4,YES,2002,0.1862417706984414
SIM,4,NO,1942,432
STAT,4,YES,2001,0.18627787172312843
STAT,3,NA,1851,43065.86543048729
STAT,3,NA,1850,43074.20935620999
STAT,3,NA,1853,43049.193302188294
STAT,3,NA,1852,43057.52776842941
STAT,3,NA,1844,43124.30080293189
SIM,5+,NO,1860,76
STAT,3,NA,1843,43132.6388693208
STAT,3,NA,1846,43107.60534963563
STAT,3,NA,1845,43115.95693306131
SIM,5+,NO,1863,67
STAT,3,NA,1848,43090.9033586103
SIM,5+,NO,1864,63
STAT,3,NA,1847,43099.25313515049
SIM,5+,NO,1861,77
SIM,5+,NO,1862,73
STAT,3,NA,1849,43082.553807623255
SIM,5+,NO,1867,82
SIM,5+,NO,1868,73
SIM,5+,NO,1865,70
SIM,5+,NO,1866,69
SIM,4,NO,1938,408
SIM,4,NO,1937,425
SIM,5+,NO,1869,64
SIM,4,NO,1939,391
STAT,3,NA,1880,42824.50742682473
STAT,3,NA,1882,42807.91698658756
STAT,3,NA,1881,42816.21122176003
STAT,3,NA,1884,42791.33333934417
STAT,1,NA,1799,73033.90902857695
STAT,3,NA,1883,42799.624456434816
STAT,3,NA,1886,42774.75477090259
STAT,1,NA,1797,72108.57819796701
STAT,3,NA,1885,42783.04353018702
STAT,1,NA,1798,72591.78589759265
SIM,5+,NO,1870,65
STAT,3,NA,1877,42849.40987384715
SIM,5+,NO,1871,75
STAT,3,NA,1876,42857.71602734643
STAT,3,NA,1879,42832.805714331414
STAT,3,NA,1878,42841.10652862103
SIM,5+,NO,1874,84
SIM,5+,NO,1875,66
SIM,5+,NO,1872,55
SIM,5+,NO,1873,72
SIM,5+,NO,1878,71
SIM,5+,NO,1879,62
SIM,5+,NO,1876,83
SIM,5+,NO,1877,83
STAT,3,NA,1871,42899.288664695516
STAT,3,NA,1870,42907.61097950888
STAT,3,NA,1873,42882.651190514225
STAT,1,NA,1788,66110.41993762681
STAT,3,NA,1872,42890.96860880942
STAT,1,NA,1789,66907.53121587611
STAT,3,NA,1875,42866.0249225317
STAT,1,NA,1786,64433.409343217034
STAT,3,NA,1874,42874.33658348429
STAT,1,NA,1787,65285.2970945948
SIM,5+,NO,1881,64
STAT,3,NA,1866,42940.916604343634
STAT,1,NA,1795,71023.5957394207
SIM,5+,NO,1882,84
STAT,3,NA,1865,42949.24549712037
STAT,1,NA,1796,71585.50959839327
STAT,3,NA,1868,42924.26110129971
STAT,1,NA,1793,69787.82689292607
SIM,5+,NO,1880,59
STAT,3,NA,1867,42932.58838378524
STAT,1,NA,1794,70423.91721366743
SIM,5+,NO,1885,53
STAT,1,NA,1791,68412.15840945869
SIM,5+,NO,1886,74
STAT,3,NA,1869,42915.93524211397
STAT,1,NA,1792,69116.76208608714
SIM,5+,NO,1883,57
SIM,5+,NO,1884,59
STAT,1,NA,1790,67675.34680537757
SIM,5+,NO,1889,75
SIM,5+,NO,1887,64
SIM,5+,NO,1888,78
STAT,1,NA,1779,57814.744330001064
STAT,1,NA,1777,55738.66376694594
STAT,1,NA,1778,56785.99981911088
STAT,1,NA,1775,53583.610600084
STAT,1,NA,1776,54671.24004778025
SIM,5+,NO,1892,85
STAT,3,NA,1899,42667.0945193904
STAT,1,NA,1784,62653.593325768765
SIM,5+,NO,1893,71
STAT,3,NA,1898,42675.36772250654
STAT,1,NA,1785,63555.81454807018
SIM,5+,NO,1890,53
STAT,1,NA,1782,60780.9831158294
SIM,5+,NO,1891,77
STAT,1,NA,1783,61728.40551494285
SIM,5+,NO,1896,66
STAT,1,NA,1780,58823.39162511886
SIM,5+,NO,1897,64
STAT,1,NA,1781,59812.43233960625
SIM,5+,NO,1894,62
SIM,5+,NO,1895,82
SIM,5+,NO,1898,64
SIM,5+,NO,1899,81
SIM,4,NO,1901,403
SIM,4,NO,1900,439
SIM,4,NO,1903,442
SIM,4,NO,1902,382
STAT,3,NA,1891,42733.32452199739
STAT,3,NA,1890,42741.60886915755
STAT,3,NA,1893,42716.75884253642
STAT,1,NA,1768,45203.58975914161
STAT,3,NA,1892,42725.041154868355
STAT,1,NA,1769,46519.47136093817
STAT,3,NA,1895,42700.19787571023
STAT,1,NA,1766,42353.794950647505
STAT,3,NA,1894,42708.477701719166
STAT,1,NA,1767,43825.82352753446
STAT,3,NA,1897,42683.64276056181
STAT,1,NA,1764,38998.69672192655
STAT,3,NA,1896,42691.91951887381
STAT,1,NA,1765,40757.701969576556
STAT,3,NA,1888,42758.18016673556
STAT,1,NA,1773,51343.5303122774
STAT,3,NA,1887,42766.46703902651
STAT,1,NA,1774,52475.993611332815
STAT,1,NA,1771,49001.81539433798
STAT,3,NA,1889,42749.89410421551
STAT,1,NA,1772,50188.29575136005
STAT,1,NA,1770,47780.19556981461
STAT,3,YES,1853,1.7599594810616315
STAT,3,YES,1852,1.7603000451061483
STAT,3,YES,1855,1.7592825548057756
STAT,3,YES,1854,1.7596204387513674
STAT,3,YES,1857,1.758609260488124
STAT,3,YES,1856,1.7589457139224658
STAT,3,YES,1859,1.7579371236656514
STAT,3,YES,1858,1.7582730750729196
STAT,1,NA,1759,25257.4582789346
STAT,1,NA,1757,15130.69759058888
STAT,1,NA,1758,20699.134138373116
STAT,1,NA,1756,8325.896464855263
STAT,1,NA,1762,34765.66826380112
STAT,1,NA,1763,37023.0901707855
STAT,1,NA,1760,29015.72591015423
STAT,1,NA,1761,32134.82708453688
STAT,3,YES,1860,1.757601086977761
STAT,3,YES,1862,1.7569277641995522
STAT,3,YES,1861,1.7572648182958988
STAT,3,YES,1842,1.7637703782790912
STAT,3,YES,1841,1.764118214796479
STAT,3,YES,1844,1.7630726003492527
STAT,3,YES,1843,1.7634217768222844
STAT,3,YES,1846,1.7623730182495758
STAT,3,YES,1845,1.7627228659941707
STAT,3,YES,1848,1.7616767181105113
STAT,3,YES,1847,1.7620242625137053
STAT,3,YES,1849,1.7613305302198115
STAT,3,YES,1851,1.7606420764779596
STAT,3,YES,1850,1.7609856051820323
STAT,3,YES,1831,1.7674927282482682
STAT,3,YES,1830,1.7678208058152056
STAT,3,YES,1833,1.7668330864665853
STAT,3,YES,1832,1.7671638056961836
STAT,3,YES,1835,1.7661663761447803
STAT,3,YES,1834,1.7665008907603166
STAT,3,YES,1837,1.7654928368540348
STAT,3,YES,1836,1.7658304599623824
STAT,3,YES,1839,1.7648104717252635
STAT,3,YES,1838,1.7651528367572111
STAT,3,YES,1840,1.7644653824482757
STAT,3,YES,1820,1.771243751424364
STAT,3,YES,1822,1.7705374655782236
STAT,3,YES,1821,1.7708901240925043
STAT,3,YES,1824,1.769834918732606
STAT,3,YES,1823,1.7701835505580708
STAT,3,YES,1826,1.7691528884443075
STAT,3,YES,1825,1.7694880524004215
STAT,3,YES,1828,1.7684847702146853
STAT,3,YES,1827,1.7688188789591064
STAT,3,YES,1829,1.7681526153710083
STAT,3,YES,1811,1.7744898988725302
STAT,3,YES,1810,1.774836769548609
STAT,3,YES,1813,1.7737837253105808
STAT,3,YES,1812,1.7741390531972585
STAT,3,YES,1815,1.7730690926789792
STAT,3,YES,1814,1.773428444761037
STAT,3,YES,1817,1.772341722577257
STAT,3,YES,1816,1.7727062746534563
STAT,3,YES,1819,1.7716092193373145
STAT,3,YES,1818,1.7719735207207359
STAT,3,YES,1800,1.7780209608632722
STAT,3,YES,1802,1.7773821742303177
STAT,3,YES,1801,1.777693975528909
STAT,3,YES,1804,1.7767640483737268
STAT,3,YES,1803,1.7770657183406235
STAT,3,YES,1806,1.7761268539879305
STAT,3,YES,1805,1.7764524799858152
STAT,3,YES,1808,1.7754824673164393
STAT,3,YES,1807,1.7758050416890905
STAT,3,YES,1809,1.77516202123337
STAT,3,NA,1820,42676.692143100874
STAT,3,NA,1811,40577.097731152455
STAT,3,NA,1810,40211.078202854536
STAT,3,NA,1813,41226.30374994219
STAT,3,NA,1812,40915.547169221994
STAT,3,NA,1815,41766.60112376281
STAT,3,NA,1814,41509.90235521296
STAT,3,NA,1817,42202.352154197535
STAT,3,NA,1816,41997.18057746805
STAT,3,NA,1819,42540.90540730067
STAT,3,NA,1818,42383.206729784586
STAT,3,NA,1800,35112.32586923205
STAT,3,NA,1802,36326.023063867586
STAT,3,NA,1801,35730.105122016306
STAT,3,NA,1804,37449.102519384636
STAT,3,NA,1803,36899.367730171216
STAT,3,NA,1806,38474.54098666592
STAT,3,NA,1805,37974.389122018474
STAT,3,NA,1808,39396.55788214095
STAT,3,NA,1807,38948.800525305654
STAT,3,NA,1809,39817.45786872954
SIM,3,YES,1885,2
SIM,3,YES,1884,2
SIM,3,YES,1883,1
SIM,3,YES,1882,2
SIM,3,YES,1889,2
SIM,3,YES,1888,2
SIM,3,YES,1887,1
SIM,3,YES,1886,2
STAT,4,NO,1791,689.6872256269642
STAT,4,NO,1790,689.8232884737736
STAT,4,NO,1793,689.4085649814726
STAT,4,NO,1792,689.565586978661
STAT,4,NO,1795,689.0809932974975
STAT,4,NO,1794,689.264117699526
STAT,4,NO,1797,688.8027649578579
STAT,4,NO,1796,688.9416801729586
SIM,3,YES,1881,2
STAT,4,NO,1799,688.5395995680179
SIM,3,YES,1880,1
STAT,4,NO,1798,688.6691220064894
SIM,3,YES,1896,1
SIM,3,YES,1895,2
SIM,3,YES,1894,2
SIM,3,YES,1893,1
SIM,3,YES,1899,1
SIM,3,YES,1898,2
SIM,3,YES,1897,2
SIM,3,YES,1892,2
SIM,3,YES,1891,2
SIM,3,YES,1890,1
SIM,1,NO,2003,4498
SIM,3,YES,1863,2
SIM,1,NO,2004,4536
SIM,3,YES,1862,1
SIM,1,NO,2005,4447
SIM,3,YES,1861,2
SIM,3,YES,1860,2
SIM,1,NO,2006,4548
SIM,1,NO,2007,4536
SIM,3,YES,1867,2
SIM,1,NO,2008,4518
SIM,3,YES,1866,2
SIM,1,NO,2009,4503
SIM,3,YES,1865,1
SIM,3,YES,1864,2
SIM,3,YES,1869,2
SIM,3,YES,1868,1
SIM,1,NO,2000,4548
SIM,1,NO,2001,4585
SIM,1,NO,2002,4543
SIM,3,YES,1874,1
SIM,3,YES,1873,2
SIM,3,YES,1872,2
SIM,3,YES,1871,1
SIM,3,YES,1878,2
SIM,3,YES,1877,1
SIM,3,YES,1876,2
SIM,3,YES,1875,2
SIM,3,YES,1879,2
SIM,3,YES,1870,2
STAT,4,NO,1759,238.85358609863934
STAT,4,NO,1758,252.5326389946962
STAT,4,NO,1755,341.53454075349197
STAT,4,NO,1757,272.65230544885577
STAT,4,NO,1756,305.77104861034485
STAT,4,NO,1769,583.3234682059361
STAT,4,NO,1760,243.79384077528607
STAT,4,NO,1762,297.85799896912084
STAT,4,NO,1761,264.23852175636927
STAT,4,NO,1764,385.41752892634577
STAT,4,NO,1763,339.80689817794365
STAT,4,NO,1766,474.55227550634817
STAT,4,NO,1765,430.8404386355799
STAT,4,NO,1768,552.6659179582201
STAT,4,NO,1767,516.0334995400823
STAT,3,YES,1996,1.7118718253766831
STAT,3,YES,1995,1.712203638597041
STAT,3,YES,1998,1.7112083858475369
STAT,3,YES,1997,1.7115400749977974
STAT,3,YES,1999,1.7108767565847145
STAT,4,NO,1771,625.8260585407551
STAT,4,NO,1770,606.2687716673568
STAT,4,NO,1773,656.3343371342207
STAT,4,NO,1772,642.6963799333766
STAT,4,NO,1775,670.8053923767319
STAT,4,NO,1774,665.137038038678
STAT,4,NO,1777,679.768893134013
STAT,4,NO,1776,675.6071214955233
STAT,4,NO,1779,685.0611117754509
STAT,4,NO,1778,683.1162880377804
STAT,3,YES,1985,1.7155256030487243
STAT,3,YES,1984,1.7158582030069642
STAT,3,YES,1987,1.7148606230662575
STAT,3,YES,1986,1.7151930759889629
STAT,3,YES,1989,1.7141959416677004
STAT,3,YES,1988,1.714528244934831
STAT,4,NO,1780,686.2450207972762
STAT,4,NO,1782,688.1266113536095
STAT,4,NO,1781,687.2570221332585
STAT,4,NO,1784,689.3310464765613
STAT,4,NO,1783,688.8037394554595
STAT,3,YES,1990,1.713863712788153
STAT,4,NO,1786,689.8391529322429
STAT,4,NO,1785,689.5942547788012
STAT,3,YES,1992,1.713199473937988
STAT,4,NO,1788,690.1282908585797
STAT,3,YES,1991,1.7135315573329488
STAT,4,NO,1787,690.0605958749541
STAT,3,YES,1994,1.7125355164740057
STAT,3,YES,1993,1.7128674609383128
STAT,4,NO,1789,690.0891867153148
SIM,4,NO,1879,442
SIM,4,NO,1878,390
SIM,4,NO,1875,401
SIM,4,NO,1874,428
SIM,4,NO,1877,407
SIM,4,NO,1876,423
STAT,1,YES,2010,13.607600879916236
SIM,4,NO,1871,399
STAT,1,YES,2011,13.604963571635366
SIM,4,NO,1870,435
STAT,1,YES,2012,13.60232679644226
SIM,4,NO,1873,419
STAT,1,YES,2013,13.599690550335792
SIM,4,NO,1872,428
STAT,1,YES,2014,13.597054828653306
STAT,1,YES,2015,13.594419626354393
STAT,1,YES,2016,13.591784938303165
STAT,1,YES,2008,13.612877106864817
STAT,1,YES,2009,13.61023872435665
STAT,5+,NO,1810,309.40633063362174
STAT,5+,NO,1811,309.3488563645933
STAT,5+,NO,1812,309.29131042576984
STAT,5+,NO,1813,309.2331569718479
STAT,5+,NO,1814,309.17533160442656
STAT,5+,NO,1815,309.1163803853206
STAT,5+,NO,1816,309.0549304259604
STAT,5+,NO,1817,308.9927648699152
STAT,5+,NO,1818,308.92913180962324
STAT,5+,NO,1819,308.86577678085104
SIM,4,NO,1889,427
SIM,4,NO,1886,400
SIM,4,NO,1885,484
SIM,4,NO,1888,427
SIM,4,NO,1887,386
SIM,4,NO,1882,413
STAT,1,YES,2000,13.634003298296676
SIM,4,NO,1881,401
STAT,1,YES,2001,13.631360711487407
SIM,4,NO,1884,461
STAT,1,YES,2002,13.628718628656669
SIM,4,NO,1883,423
STAT,1,YES,2003,13.626077057811745
STAT,1,YES,2004,13.623436006401445
STAT,1,YES,2005,13.620795480965137
SIM,4,NO,1880,422
STAT,1,YES,2006,13.618155486848032
STAT,1,YES,2007,13.615516028000009
STAT,5+,NO,1800,309.96249367780183
STAT,5+,NO,1801,309.9017121787098
STAT,5+,NO,1802,309.845548860504
STAT,5+,NO,1803,309.7869199437012
STAT,5+,NO,1804,309.7339239324055
STAT,5+,NO,1805,309.6774503073389
STAT,5+,NO,1806,309.620170454263
STAT,5+,NO,1807,309.56512044924625
STAT,5+,NO,1808,309.5105765580937
STAT,5+,NO,1809,309.45843456198656
SIM,4,NO,1897,411
SIM,4,NO,1896,421
SIM,4,NO,1899,424
SIM,4,NO,1898,408
SIM,4,NO,1893,423
SIM,4,NO,1892,421
SIM,4,NO,1895,418
SIM,4,NO,1894,432
SIM,4,NO,1891,406
SIM,4,NO,1890,452
STAT,5+,NO,1830,308.1848317325302
STAT,5+,NO,1831,308.1272803790995
STAT,5+,NO,1832,308.06984248910163
STAT,5+,NO,1833,308.01231171551825
STAT,5+,NO,1834,307.9548958012092
STAT,5+,NO,1835,307.8973287966381
STAT,5+,NO,1836,307.83995499068715
STAT,5+,NO,1837,307.78245087749156
STAT,5+,NO,1838,307.72458972312336
STAT,5+,NO,1839,307.6663616656311
STAT,5+,NO,1820,308.8010920369448
STAT,5+,NO,1821,308.7383549149938
STAT,5+,NO,1822,308.67535526982283
STAT,5+,NO,1823,308.6111998430288
STAT,5+,NO,1824,308.5479631105734
STAT,5+,NO,1825,308.4844028586633
STAT,5+,NO,1826,308.42411388764344
STAT,5+,NO,1827,308.3640316499045
STAT,5+,NO,1828,308.3037238049553
STAT,5+,NO,1829,308.24416949779646
STAT,1,NA,2008,71569.16070854457
STAT,1,NA,2009,71555.2894955935
STAT,1,NA,2006,71596.91129279195
STAT,1,NA,2007,71583.03464366488
STAT,1,NA,2015,71472.11953797324
STAT,1,NA,2016,71458.26740919665
STAT,1,NA,2013,71499.8319448158
STAT,1,NA,2014,71485.9743808076
STAT,1,NA,2011,71527.55525705607
STAT,1,NA,2012,71513.69223564031
STAT,1,NA,2010,71541.421010649
SIM,1,NO,2014,4528
SIM,3,YES,1856,1
SIM,3,YES,1855,2
SIM,3,YES,1854,2
SIM,3,YES,1859,1
SIM,3,YES,1858,2
SIM,3,YES,1857,2
SIM,1,NO,2010,4494
SIM,1,NO,2011,4572
SIM,1,NO,2012,4548
SIM,1,NO,2013,4501
STAT,1,NA,2004,71624.67269077983
STAT,1,NA,2005,71610.790645747
STAT,1,NA,2002,71652.44480569969
STAT,1,NA,2003,71638.55741513227
STAT,1,NA,2000,71680.22753575211
STAT,1,NA,2001,71666.33484976264
SIM,4,NO,1857,411
SIM,4,NO,1856,421
SIM,4,NO,1859,416
SIM,4,NO,1858,411
SIM,4,NO,1855,424
SIM,4,NO,1854,416
SIM,4,NO,1868,454
SIM,4,NO,1867,440
SIM,4,NO,1869,406
SIM,4,NO,1864,439
SIM,4,NO,1863,405
SIM,4,NO,1866,394
SIM,4,NO,1865,428
SIM,4,NO,1860,423
SIM,4,NO,1862,397
SIM,4,NO,1861,466
STAT,2,NO,1755,0.0
STAT,2,YES,1963,10.093958531287802
STAT,0,NA,1976,138400.1839489419
STAT,2,YES,1964,10.092002654321977
STAT,0,NA,1977,138373.36051031013
STAT,2,YES,1965,10.090047192662391
STAT,0,NA,1978,138346.54227468546
STAT,2,YES,1966,10.088092117855773
STAT,0,NA,1979,138319.72922304593
STAT,0,NA,1972,138507.53013216038
STAT,2,YES,1967,10.086137402994774
STAT,2,YES,1968,10.084183023968441
STAT,0,NA,1973,138480.68568400724
STAT,2,YES,1969,10.082228960501867
STAT,0,NA,1974,138453.84651597054
STAT,5+,NO,1770,323.0697208901618
STAT,0,NA,1975,138427.01261073205
STAT,5+,NO,1771,320.70299761615155
STAT,5+,NO,1772,315.50118819135935
STAT,0,NA,1980,138292.92133835173
STAT,5+,NO,1773,307.39483568523804
STAT,0,NA,1981,138266.1186062194
STAT,5+,NO,1774,312.1092792024614
STAT,0,NA,1982,138239.32101542107
STAT,5+,NO,1775,312.84458883886265
STAT,2,YES,1970,10.080275197053858
STAT,5+,NO,1776,312.6856072596666
STAT,2,YES,1971,10.07832172330561
STAT,5+,NO,1777,311.40639063576884
STAT,2,YES,1972,10.07636853426531
STAT,5+,NO,1778,309.0737062517786
STAT,2,YES,1973,10.074415630112279
STAT,5+,NO,1779,310.63948302459147
STAT,2,NO,1758,2017.1793911442496
STAT,2,NO,1759,2389.9411655848694
STAT,2,NO,1756,866.080309887306
STAT,2,NO,1757,1523.20989311477
STAT,2,NO,1765,3104.4580627348564
STAT,2,NO,1766,3110.4200561918556
STAT,2,NO,1763,3045.204576308376
STAT,2,NO,1764,3083.9477693974263
STAT,2,NO,1761,2852.3758262804176
STAT,2,NO,1762,2971.678528561598
STAT,2,NO,1760,2667.0213653238116
STAT,2,YES,1974,10.072463015793371
STAT,0,NA,1987,138105.41003249396
STAT,2,YES,1975,10.070510700498897
STAT,0,NA,1988,138078.64324584787
STAT,0,NA,1989,138051.88161296985
STAT,2,YES,1976,10.068558696918897
STAT,2,YES,1977,10.06660702032408
STAT,2,YES,1978,10.064655687569694
STAT,0,NA,1983,138212.5285581955
STAT,2,YES,1979,10.062704716077606
STAT,0,NA,1984,138185.74123037266
STAT,0,NA,1985,138158.95903129404
STAT,0,NA,1986,138132.1819635362
STAT,5+,NO,1760,468.92878958843517
STAT,0,NA,1990,138025.1251442716
STAT,5+,NO,1761,448.82112379705467
STAT,0,NA,1991,137998.3738505385
STAT,5+,NO,1762,426.42328828269166
STAT,0,NA,1992,137971.62774229
STAT,5+,NO,1763,403.80521640351475
STAT,2,YES,1980,10.060754122904125
STAT,0,NA,1993,137944.88682919668
STAT,5+,NO,1764,388.1898102616468
STAT,2,YES,1981,10.058803923906648
STAT,5+,NO,1765,372.6276174968904
STAT,2,YES,1982,10.056854133015916
STAT,5+,NO,1766,357.10950375596025
STAT,2,YES,1983,10.054904761641444
STAT,5+,NO,1767,339.2764876754423
STAT,2,YES,1984,10.05295581822982
STAT,5+,NO,1768,319.3510694961231
STAT,5+,NO,1769,323.599405439507
STAT,2,NO,1769,3091.9038007192125
STAT,2,NO,1767,3109.5362315521793
STAT,2,NO,1768,3105.733413810169
STAT,2,YES,1949,10.1213921172123
STAT,0,NA,1958,138883.9059621877
STAT,0,NA,1959,138856.98825593013
STAT,0,NA,1954,138991.62735377395
STAT,2,YES,1941,10.13709805045802
STAT,2,YES,1942,10.135134297669945
STAT,0,NA,1955,138964.68942758336
STAT,2,YES,1943,10.13317070082551
STAT,0,NA,1956,138937.75655573804
STAT,2,YES,1944,10.131207238404015
STAT,0,NA,1957,138910.8287327462
STAT,0,NA,1950,139099.4300457681
STAT,2,YES,1945,10.129243902671215
STAT,5+,NO,1790,310.61267200396776
STAT,0,NA,1951,139072.47165787042
STAT,2,YES,1946,10.127280699299657
STAT,5+,NO,1791,310.5538216111927
STAT,0,NA,1952,139045.51843962778
STAT,2,YES,1947,10.125317646403126
STAT,5+,NO,1792,310.50603735663924
STAT,2,YES,1948,10.123354773102827
STAT,0,NA,1953,139018.57034952773
STAT,5+,NO,1793,310.43241358225555
STAT,5+,NO,1794,310.3675803004051
STAT,5+,NO,1795,310.2735627560207
STAT,5+,NO,1796,310.2100785288004
STAT,0,NA,1960,138830.0756328581
STAT,5+,NO,1797,310.145219131896
STAT,5+,NO,1798,310.0832339502867
STAT,5+,NO,1799,310.02264476640295
STAT,2,YES,1950,10.11942972210982
STAT,2,YES,1951,10.117467634013371
STAT,0,NA,1969,138588.09527878006
STAT,2,YES,1952,10.115505899556794
STAT,0,NA,1965,138695.58971756833
STAT,0,NA,1966,138668.70817970185
STAT,2,YES,1953,10.113544563655886
STAT,2,YES,1954,10.111583667457692
STAT,0,NA,1967,138641.83191662226
STAT,0,NA,1968,138614.9609457103
STAT,2,YES,1955,10.109623246113387
STAT,0,NA,1961,138803.1681173667
STAT,2,YES,1956,10.107663327247096
STAT,2,YES,1957,10.105703930062248
STAT,0,NA,1962,138776.26573775164
STAT,5+,NO,1780,310.9917520435747
STAT,0,NA,1963,138749.36852437802
STAT,2,YES,1958,10.10374506509551
STAT,5+,NO,1781,311.2185599454464
STAT,2,YES,1959,10.10178673439087
STAT,0,NA,1964,138722.4765079088
STAT,5+,NO,1782,311.2737141223495
STAT,5+,NO,1783,311.1534738243119
STAT,5+,NO,1784,311.37702768643305
STAT,0,NA,1970,138561.23492174203
STAT,5+,NO,1785,311.36380257062
STAT,0,NA,1971,138534.37987466677
STAT,5+,NO,1786,311.25171946707377
STAT,5+,NO,1787,311.03268133730256
STAT,2,YES,1960,10.099828931913882
STAT,5+,NO,1788,310.64411183090493
STAT,2,YES,1961,10.097871644347977
STAT,5+,NO,1789,310.75009543227446
STAT,2,YES,1962,10.09591485220357
STAT,2,NO,1798,3031.4090352867047
STAT,2,NO,1799,3030.873350995443
STAT,2,NO,1796,3032.5077603115496
STAT,2,NO,1797,3031.9533186008466
STAT,2,NO,1794,3033.712249450003
STAT,2,NO,1795,3033.0724313396818
STAT,2,NO,1792,3034.92510425449
STAT,2,NO,1793,3034.308614381677
STAT,2,NO,1790,3036.102831058669
STAT,2,NO,1791,3035.502724133866
STAT,3,NA,1761,3518.354845566371
STAT,3,NA,1760,3141.5674911405595
STAT,3,NA,1763,4651.128844536373
STAT,3,NA,1762,4028.704187600257
STAT,3,NA,1765,6143.713471548947
STAT,3,NA,1764,5363.640556681923
STAT,3,NA,1756,3076.0363027390636
STAT,3,NA,1755,3252.4918567162804
STAT,3,NA,1758,2842.3052726341443
STAT,3,NA,1757,2912.1913243703534
STAT,3,NA,1759,2915.408628266639
STAT,2,NO,1776,3052.9130147711994
STAT,2,NO,1777,3050.7489470738387
STAT,2,NO,1774,3058.3165146558613
STAT,2,NO,1775,3055.591916149084
STAT,2,NO,1772,3068.548007438608
STAT,2,NO,1773,3064.888978003649
STAT,2,NO,1770,3082.533684122015
STAT,2,NO,1771,3074.457837406809
STAT,2,YES,1985,10.05100730801516
STAT,0,NA,1998,137811.26041751684
STAT,3,NA,1781,20427.93152601315
STAT,2,YES,1986,10.049059232983996
STAT,0,NA,1999,137784.55078300126
STAT,3,NA,1780,19552.294036281248
STAT,2,YES,1987,10.047111592012827
STAT,3,NA,1783,22158.68187649756
STAT,2,YES,1988,10.045164381144698
STAT,3,NA,1782,21296.857521575796
STAT,2,YES,1989,10.043217593975612
STAT,0,NA,1994,137918.15111959304
STAT,3,NA,1785,23858.78595824467
STAT,0,NA,1995,137891.42062008815
STAT,3,NA,1784,23012.824655793742
STAT,0,NA,1996,137864.6953352946
STAT,3,NA,1787,25523.46409551237
STAT,0,NA,1997,137837.97526767655
STAT,3,NA,1786,24695.804832992242
STAT,3,NA,1778,17782.99518036575
STAT,3,NA,1777,16891.292846687997
STAT,2,YES,1990,10.0412712221349
STAT,2,YES,1991,10.039325255855466
STAT,3,NA,1779,18670.521266327065
STAT,2,YES,1992,10.037379684582778
STAT,2,YES,1993,10.035434497579905
STAT,5+,NO,1755,454.44641741002727
STAT,2,YES,1994,10.03348968448931
STAT,5+,NO,1756,475.53940356434964
STAT,2,YES,1995,10.0315452358293
STAT,5+,NO,1757,491.45201980680645
STAT,5+,NO,1758,502.8346162990386
STAT,5+,NO,1759,487.21856101128617
STAT,2,NO,1778,3049.3639885707826
STAT,2,NO,1779,3047.070194346631
STAT,2,NO,1787,3038.363022218975
STAT,2,NO,1788,3037.6538049667115
STAT,2,NO,1785,3039.9032148200195
STAT,2,NO,1786,3039.0487636302273
STAT,2,NO,1783,3042.2236211733275
STAT,2,NO,1784,3041.1298192738814
STAT,2,NO,1781,3044.51809758294
STAT,2,NO,1782,3043.393428129885
STAT,2,YES,1996,10.029601143416409
STAT,3,NA,1770,10545.60093649859
STAT,2,YES,1997,10.027657400696132
STAT,2,NO,1780,3045.8017018344954
STAT,2,YES,1998,10.025714002970442
STAT,3,NA,1772,12368.733558593438
STAT,2,YES,1999,10.023770947510414
STAT,3,NA,1771,11457.949826427519
STAT,3,NA,1774,14187.64873164003
STAT,3,NA,1773,13278.049247542407
STAT,3,NA,1776,15994.749133116238
STAT,3,NA,1775,15093.37240335765
STAT,3,NA,1767,7838.223638479137
STAT,3,NA,1766,6973.674850266254
STAT,3,NA,1769,9633.475639430206
STAT,3,NA,1768,8727.35742108266
STAT,2,NO,1789,3036.9398642471056
STAT,4,NO,1836,683.6998513667047
STAT,3,YES,1974,1.7191876609509469
STAT,4,NO,1835,683.8283857111956
STAT,3,YES,1973,1.719520896096253
STAT,4,NO,1838,683.4408403269076
STAT,3,YES,1976,1.7185213333258011
STAT,4,NO,1837,683.5708014751534
STAT,3,YES,1975,1.7188544731960702
STAT,3,YES,1978,1.7178552032553784
STAT,4,NO,1839,683.3099310020183
STAT,3,YES,1977,1.718188242668798
STAT,3,YES,1979,1.7175222176536245
STAT,4,NO,1830,684.4659204368028
STAT,3,YES,1981,1.7168564198348244
STAT,4,NO,1832,684.211864423805
STAT,4,NO,1831,684.3388908847928
STAT,3,YES,1980,1.7171892888013214
SIM,4,YES,1894,1
STAT,4,NO,1834,683.9567345548874
STAT,3,YES,1983,1.716190874064574
STAT,3,YES,1982,1.7165236139157787
STAT,4,NO,1833,684.0844026441325
STAT,3,YES,1963,1.72285637291859
STAT,4,NO,1847,682.2356318224512
STAT,4,NO,1846,682.3710947441766
STAT,3,YES,1962,1.723190326486783
STAT,3,YES,1965,1.722188724714414
STAT,4,NO,1849,681.9655973045997
STAT,3,YES,1964,1.7225225069976717
STAT,4,NO,1848,682.100437917255
STAT,3,YES,1967,1.7215213918822114
STAT,3,YES,1966,1.721855021378451
STAT,3,YES,1969,1.7208543335905984
STAT,3,YES,1968,1.7211878309856887
SIM,4,YES,1886,1
STAT,4,NO,1841,683.0445739416839
STAT,4,NO,1840,683.1777544053442
STAT,4,NO,1843,682.7767702367966
STAT,3,YES,1970,1.7205208950252386
STAT,4,NO,1842,682.9109567345374
STAT,4,NO,1845,682.5067749915879
STAT,3,YES,1972,1.719854179066695
STAT,3,YES,1971,1.7201875112623968
STAT,4,NO,1844,682.6420652331573
STAT,4,NO,1858,680.7749151584587
STAT,3,YES,1952,1.726534664568701
STAT,4,NO,1857,680.905310057503
STAT,3,YES,1951,1.7268694789500698
STAT,3,YES,1954,1.7258651863238226
STAT,4,NO,1859,680.6448162072046
STAT,3,YES,1953,1.7261998974900365
STAT,3,YES,1956,1.7251959649799165
STAT,3,YES,1955,1.7255305395342342
STAT,3,YES,1958,1.724527058910217
STAT,3,YES,1957,1.7248614695484565
STAT,3,YES,1959,1.7241927373392743
STAT,5+,YES,1989,0.02172304558726093
STAT,5+,YES,1987,0.021731469605223666
STAT,5+,YES,1988,0.021727257135697908
STAT,5+,YES,1985,0.021739897194002704
STAT,5+,YES,1986,0.021735682969034345
STAT,5+,YES,1983,0.021748328072265535
STAT,5+,YES,1984,0.021744112242130395
STAT,4,NO,1850,681.8310922698581
STAT,5+,YES,1981,0.021756761910191786
STAT,5+,YES,1982,0.021752544642068033
STAT,4,NO,1852,681.5635619782825
SIM,4,YES,1877,1
STAT,4,NO,1851,681.6970328762925
STAT,5+,YES,1980,0.021760979838738714
STAT,4,NO,1854,681.2985509727653
STAT,4,NO,1853,681.4307058657254
STAT,3,YES,1961,1.7235243707596073
STAT,4,NO,1856,681.0359855064223
STAT,3,YES,1960,1.7238585075728607
STAT,4,NO,1855,681.1669742967873
STAT,4,NO,1869,679.3370878192002
STAT,3,YES,1941,1.7302191443207324
STAT,4,NO,1868,679.4691640927982
STAT,3,YES,1940,1.7305542989915952
STAT,3,YES,1943,1.7295489925898708
STAT,3,YES,1942,1.729884046104481
STAT,3,YES,1945,1.7288789821508963
STAT,3,YES,1944,1.7292139738648205
STAT,3,YES,1947,1.7282090609855312
STAT,3,YES,1946,1.7285440121047928
STAT,3,YES,1949,1.7275392177303344
STAT,3,YES,1948,1.7278741287244108
STAT,5+,YES,1998,0.021685183873240102
STAT,5+,YES,1999,0.021680981459755146
STAT,5+,YES,1996,0.021693591211586222
STAT,5+,YES,1997,0.021689387115174943
SIM,4,YES,1869,1
STAT,5+,YES,1994,0.021702002069297618
STAT,5+,YES,1995,0.02169779618826169
STAT,4,NO,1861,680.3850101566611
STAT,5+,YES,1992,0.021710416623512092
STAT,4,NO,1860,680.5148671643201
STAT,5+,YES,1993,0.02170620887560689
STAT,4,NO,1863,680.1246622590801
STAT,5+,YES,1990,0.021718834979339897
STAT,4,NO,1862,680.2549489059573
STAT,5+,YES,1991,0.021714625323513714
STAT,4,NO,1865,679.863403387798
STAT,4,NO,1864,679.9941660411746
SIM,4,YES,1861,1
STAT,3,YES,1950,1.7272043324455768
STAT,4,NO,1867,679.6009450179596
STAT,4,NO,1866,679.7323684588265
STAT,3,YES,1930,1.7339116442122602
STAT,3,YES,1932,1.7332391281281376
STAT,3,YES,1931,1.7335753191660195
STAT,3,YES,1934,1.7325671672618252
STAT,3,YES,1933,1.7329030771162992
STAT,3,YES,1936,1.7318957554773065
STAT,3,YES,1935,1.7322313955070743
STAT,3,YES,1938,1.731224831683067
STAT,3,YES,1937,1.7315602379709807
SIM,1,YES,2000,14
STAT,3,YES,1939,1.7308895234099304
SIM,1,YES,2002,15
SIM,1,YES,2001,15
SIM,1,YES,2004,15
SIM,1,YES,2003,14
SIM,1,YES,2006,15
SIM,1,YES,2005,14
SIM,1,YES,2008,14
SIM,1,YES,2007,15
SIM,1,YES,2009,15
STAT,4,NO,1803,688.032798483721
STAT,4,NO,1802,688.1581370458484
STAT,3,YES,1921,1.7369419655154428
STAT,4,NO,1805,687.795218989883
STAT,3,YES,1920,1.7372786752592373
STAT,4,NO,1804,687.9165324727597
STAT,3,YES,1923,1.736268416828866
STAT,4,NO,1807,687.546893897384
STAT,3,YES,1922,1.7366052082516619
STAT,4,NO,1806,687.6694481072955
STAT,3,YES,1925,1.7355948055026917
STAT,4,NO,1809,687.3057086690629
STAT,3,YES,1924,1.7359316089514962
STAT,4,NO,1808,687.4248554042305
STAT,3,YES,1927,1.7349213042693072
STAT,3,YES,1926,1.7352580295108253
STAT,3,YES,1929,1.7342480931949424
STAT,3,YES,1928,1.7345846522044939
STAT,4,NO,1801,688.2806193406169
STAT,4,NO,1800,688.4112705398904
STAT,4,NO,1814,686.6560581049421
STAT,4,NO,1813,686.7896293772915
STAT,4,NO,1816,686.3811521046863
STAT,3,YES,1910,1.7406444135374057
STAT,4,NO,1815,686.5201060161158
STAT,3,YES,1912,1.7399709547982136
STAT,4,NO,1818,686.0980702368599
STAT,3,YES,1911,1.740307614980072
STAT,4,NO,1817,686.2408796516423
STAT,3,YES,1914,1.7392978941271657
STAT,4,NO,1819,685.9563150313023
STAT,3,YES,1913,1.7396343932342828
STAT,3,YES,1916,1.73862495547955
STAT,3,YES,1915,1.7389614245960725
STAT,3,YES,1918,1.737951923100798
STAT,3,YES,1917,1.7382884615664107
STAT,3,YES,1919,1.7376153288656486
STAT,4,NO,1810,687.1853781465538
STAT,4,NO,1812,686.9232527069265
STAT,4,NO,1811,687.0549132869165
STAT,4,NO,1825,685.1198903131553
STAT,4,NO,1824,685.2576302535863
STAT,4,NO,1827,684.8568978987647
STAT,4,NO,1826,684.9881140664044
STAT,3,YES,1901,1.743685918139166
STAT,4,NO,1829,684.5955450698456
STAT,3,YES,1900,1.7440249869333817
STAT,4,NO,1828,684.7255813482154
STAT,3,YES,1903,1.743008293089058
STAT,3,YES,1902,1.7433470039556747
STAT,3,YES,1905,1.742331611174437
STAT,3,YES,1904,1.7426698217770349
SIM,1,YES,2011,14
STAT,3,YES,1907,1.7416559948235923
SIM,1,YES,2010,15
STAT,3,YES,1906,1.7419936702529055
SIM,1,YES,2013,15
STAT,3,YES,1909,1.740981388844927
SIM,1,YES,2012,15
STAT,3,YES,1908,1.7413185738005073
SIM,1,YES,2014,14
STAT,4,NO,1821,685.6743297292605
STAT,4,NO,1820,685.8129050359216
STAT,4,NO,1823,685.3955806243507
STAT,4,NO,1822,685.5356656658855
STAT,3,NO,1812,1625.603148243808
STAT,3,NO,1813,1625.277569405895
STAT,3,NO,1814,1624.9520339419098
STAT,3,NO,1815,1624.6227678255564
STAT,3,NO,1816,1624.2903259442612
STAT,4,YES,1860,0.191438437856022
STAT,4,YES,1861,0.19140190724678657
STAT,3,NO,1817,1623.9562951918808
STAT,3,NA,2010,41758.905619221354
STAT,3,NO,1818,1623.6189202290336
STAT,3,NO,1819,1623.285119180728
STAT,3,NA,2013,41734.630002537255
STAT,3,NA,2014,41726.5412842367
STAT,5+,YES,1918,0.022024070691662425
STAT,3,NA,2011,41750.81216967248
STAT,5+,YES,1919,0.022019810028849507
STAT,3,NA,2012,41742.720297484426
STAT,5+,YES,1916,0.022032592632526167
STAT,5+,YES,1917,0.022028331418832366
STAT,5+,YES,1914,0.022041118568729336
STAT,3,NA,2015,41718.454141562375
STAT,5+,YES,1915,0.022036854843366344
STAT,3,NA,2016,41710.368573133455
SIM,4,YES,1937,1
STAT,5+,YES,1923,0.022002762392980862
STAT,5+,YES,1924,0.021998498534707717
STAT,5+,YES,1921,0.022011287615023693
STAT,4,YES,1859,0.19147499435606466
STAT,3,NA,2008,41775.097248382655
STAT,5+,YES,1922,0.022007025418296768
STAT,3,NA,2009,41767.000645751395
STAT,5+,YES,1920,0.022015549089539958
STAT,4,YES,1853,0.19169607621013388
STAT,4,YES,1854,0.19165889917332837
STAT,4,YES,1851,0.1917709977575126
STAT,4,YES,1852,0.19173345050991045
STAT,4,YES,1857,0.19154827495312202
STAT,4,YES,1858,0.1915115930274479
STAT,4,YES,1855,0.19162188479712167
STAT,3,NO,1810,1626.2424498223927
STAT,3,NO,1811,1625.9246201336487
STAT,4,YES,1856,0.19158503580143596
STAT,3,NO,1801,1628.8604424923515
STAT,3,NO,1802,1628.5747460743037
STAT,3,NO,1803,1628.2847847605956
STAT,3,NO,1804,1628.0083714506948
STAT,3,NO,1805,1627.7228884433916
STAT,4,YES,1850,0.19180871055722074
STAT,3,NO,1806,1627.4245247687068
STAT,3,NO,1807,1627.1296554994708
STAT,3,NO,1808,1626.8340879593866
STAT,3,NO,1809,1626.5404705225
STAT,3,NA,2002,41823.70986296585
STAT,3,NA,2003,41815.60384318147
STAT,5+,YES,1929,0.021977172191358203
STAT,3,NA,2000,41839.92658567103
STAT,3,NA,2001,41831.817444396234
STAT,5+,YES,1927,0.021985703212276313
STAT,3,NA,2006,41791.295176127496
STAT,5+,YES,1928,0.021981437597047654
STAT,3,NA,2007,41783.19542576343
STAT,5+,YES,1925,0.02199423392955754
STAT,3,NA,2004,41807.49938719948
STAT,5+,YES,1926,0.02198996874672211
STAT,3,NA,2005,41799.39649737846
STAT,5+,YES,1934,0.021955858535444357
STAT,5+,YES,1935,0.021951600165852146
SIM,4,YES,1928,1
STAT,5+,YES,1932,0.021964380230602477
STAT,4,YES,1848,0.19188448128974842
STAT,4,YES,1849,0.1918465487220829
STAT,5+,YES,1933,0.021960118604939197
STAT,5+,YES,1930,0.0219729072953114
STAT,5+,YES,1931,0.021968643213026922
STAT,4,YES,1842,0.19211249167382716
STAT,4,YES,1843,0.19207474311791994
SIM,4,YES,1920,1
STAT,4,YES,1840,0.19218754562457416
STAT,4,YES,1841,0.19215008008025475
STAT,4,YES,1846,0.19196062087558427
STAT,4,YES,1847,0.191922513243593
STAT,4,YES,1844,0.19203684869898452
STAT,4,YES,1845,0.19199878964435896
STAT,3,NO,1800,1629.1600516960452
STAT,4,YES,1839,0.1922247287669413
STAT,5+,YES,1901,0.022096803133948666
STAT,5+,YES,1902,0.02209250618361222
STAT,4,YES,1837,0.1922981153133185
STAT,5+,YES,1900,0.02210109945146164
STAT,4,YES,1838,0.19226155540786657
SIM,4,YES,1911,1
STAT,4,YES,1831,0.19251418970612044
STAT,4,YES,1832,0.19247845536961852
STAT,4,YES,1830,0.1925499249121708
STAT,4,YES,1835,0.19237057739481545
STAT,4,YES,1836,0.19233441886939984
STAT,4,YES,1833,0.1924425985718255
STAT,4,YES,1834,0.19240668373623793
STAT,5+,YES,1909,0.022062475421644048
STAT,5+,YES,1907,0.0220710415422482
STAT,5+,YES,1908,0.022066756721472215
STAT,5+,YES,1905,0.022079620657855577
STAT,5+,YES,1906,0.022075329645391287
STAT,5+,YES,1903,0.022088209570378697
STAT,5+,YES,1904,0.022083914162709935
STAT,4,YES,1828,0.192622971191762
STAT,5+,YES,1912,0.02204965246017003
STAT,5+,YES,1913,0.022045384292088407
STAT,4,YES,1829,0.19258639015114576
STAT,4,YES,1826,0.19269682535113639
STAT,5+,YES,1910,0.022058197704678227
STAT,5+,YES,1911,0.0220539234741757
STAT,4,YES,1827,0.1926599123910139
SIM,4,YES,1903,1
STAT,4,YES,1820,0.19292885069309582
STAT,4,YES,1821,0.1928898675032895
STAT,4,YES,1824,0.19277264405891284
STAT,4,YES,1825,0.19273389586941858
STAT,4,YES,1822,0.1928508593449672
STAT,4,YES,1823,0.19281145144543
STAT,1,NO,1773,4454.819284911415
STAT,4,NO,1879,678.0121888008009
STAT,1,NO,1774,4440.478525127354
STAT,1,NO,1775,4431.774584216302
STAT,1,NO,1776,4424.113857228912
STAT,1,NO,1770,4524.082162358713
STAT,1,NO,1771,4494.47857955742
STAT,1,NO,1772,4471.570508418046
STAT,5+,YES,1958,0.02185397104010403
STAT,5+,YES,1959,0.02184973347985133
STAT,5+,YES,1967,0.02181587274068739
STAT,5+,YES,1968,0.021811645322950258
STAT,5+,YES,1965,0.021824330907495786
STAT,5+,YES,1966,0.021820101252460016
STAT,5+,YES,1963,0.02183279376842721
STAT,5+,YES,1964,0.021828561740433402
STAT,5+,YES,1961,0.021841261380889005
STAT,4,NO,1870,679.2047620253933
STAT,5+,YES,1962,0.021837026989427338
STAT,4,NO,1872,678.9396128638166
STAT,4,YES,1897,0.1900716433311279
STAT,5+,YES,1960,0.021845496899105227
STAT,4,NO,1871,679.0722602119864
STAT,4,YES,1898,0.19003472128399912
STAT,4,NO,1874,678.6741118141815
STAT,4,YES,1895,0.19014542329986028
STAT,4,YES,1896,0.1901085462868095
STAT,4,NO,1873,678.8068726939597
STAT,4,NO,1876,678.4088113762446
STAT,1,NO,1777,4418.089853756634
STAT,4,NO,1875,678.5413989387886
STAT,1,NO,1778,4413.662931651349
STAT,4,YES,1899,0.18999778692361116
STAT,4,NO,1878,678.1441880524915
STAT,1,NO,1779,4409.715596349223
STAT,4,NO,1877,678.276402472103
STAT,1,NO,1762,5447.069577602765
STAT,4,YES,1890,0.19032937421046964
STAT,1,NO,1763,5215.205584373688
STAT,1,NO,1764,5029.610951945599
STAT,1,NO,1765,4882.833928478735
STAT,4,YES,1893,0.19021908946832575
STAT,4,YES,1894,0.19018227154728815
STAT,4,YES,1891,0.1902926388809168
STAT,1,NO,1760,6089.926811046086
STAT,4,YES,1892,0.19025587810349948
STAT,1,NO,1761,5734.705169107224
STAT,5+,YES,1969,0.02180741893885977
STAT,5+,YES,1978,0.021769417557615117
STAT,5+,YES,1979,0.021765198395782018
STAT,5+,YES,1976,0.021777857652764236
STAT,5+,YES,1977,0.02177363731064676
STAT,5+,YES,1974,0.021786300158115
STAT,5+,YES,1975,0.02178207859419983
STAT,5+,YES,1972,0.021794745308824904
STAT,4,NO,1881,677.7489047336069
STAT,5+,YES,1973,0.02179052238041259
STAT,4,NO,1880,677.8804220926394
STAT,4,NO,1883,677.4865915305337
STAT,5+,YES,1970,0.021803193521393205
STAT,4,YES,1886,0.19047621760996095
STAT,5+,YES,1971,0.021798969000959064
STAT,4,NO,1882,677.6176388988978
STAT,4,YES,1887,0.19043950147066377
STAT,4,NO,1885,677.2250161068845
STAT,4,YES,1884,0.1905497277974309
STAT,4,YES,1885,0.1905129563160832
STAT,4,NO,1884,677.3557293535304
STAT,4,NO,1887,676.963902848059
STAT,1,NO,1766,4767.960993095332
STAT,4,NO,1886,677.0944193678139
STAT,1,NO,1767,4679.9619659199025
STAT,4,YES,1888,0.19040279617101954
STAT,4,NO,1889,676.7029462478397
STAT,1,NO,1768,4614.455966923457
STAT,4,NO,1888,676.833424860506
STAT,4,YES,1889,0.19036609069552174
STAT,1,NO,1769,4560.3791446758005
STAT,1,NO,1795,4388.636466297316
STAT,1,NO,1796,4387.875111291903
STAT,1,NO,1797,4387.109620586137
STAT,1,NO,1798,4386.341540922622
STAT,4,YES,1882,0.1906234066494943
STAT,1,NO,1791,4391.875516667352
STAT,4,YES,1883,0.1905865411749908
STAT,1,NO,1792,4391.087693668572
STAT,4,YES,1880,0.1906973312711773
STAT,1,NO,1793,4390.277368962793
STAT,4,YES,1881,0.1906603335816644
STAT,1,NO,1794,4389.464510282834
STAT,1,NO,1790,4392.659857712976
STAT,5+,YES,1938,0.021938835933876945
STAT,5+,YES,1939,0.02193458477687021
STAT,5+,YES,1936,0.021947343590148483
STAT,5+,YES,1937,0.021943088849144705
STAT,5+,YES,1945,0.02190910660902623
STAT,5+,YES,1946,0.021904863405891768
STAT,5+,YES,1943,0.021917595007601196
STAT,5+,YES,1944,0.021913350420103273
STAT,4,NO,1890,676.5724284990138
STAT,5+,YES,1941,0.021926087245936435
STAT,5+,YES,1942,0.021921840554168428
STAT,4,NO,1892,676.3111685658877
STAT,4,NO,1891,676.4418437627861
STAT,5+,YES,1940,0.021930335263405272
STAT,4,NO,1894,676.0495160138522
STAT,4,YES,1875,0.19088327338793504
STAT,4,NO,1893,676.1803943417613
STAT,4,YES,1876,0.19084597463506836
STAT,4,NO,1896,675.7874414983936
STAT,4,YES,1873,0.19095795490252676
STAT,4,YES,1874,0.19092060739307543
STAT,4,NO,1895,675.9185298833535
STAT,4,YES,1879,0.19073439910611947
STAT,4,NO,1898,675.5250124243597
STAT,1,NO,1799,4385.558632032429
STAT,4,NO,1897,675.6562608939925
STAT,4,YES,1877,0.19080872614133212
STAT,4,NO,1899,675.3937201842311
STAT,4,YES,1878,0.19077153235883906
STAT,1,NO,1784,4399.36344138304
STAT,1,NO,1785,4397.830488120645
STAT,1,NO,1786,4396.657244724508
STAT,1,NO,1787,4395.6063836681315
STAT,4,YES,1871,0.19103261215739173
STAT,1,NO,1780,4407.114613048809
STAT,4,YES,1872,0.19099529658598446
STAT,1,NO,1781,4404.774560457943
STAT,1,NO,1782,4402.783535120559
STAT,4,YES,1870,0.19106988678781586
STAT,1,NO,1783,4400.968326436171
STAT,5+,YES,1949,0.02189213614564635
STAT,5+,YES,1947,0.02190062066501097
STAT,5+,YES,1948,0.02189637827177427
STAT,5+,YES,1956,0.02186244869588129
STAT,5+,YES,1957,0.021858209481667973
STAT,5+,YES,1954,0.021870928990392013
STAT,5+,YES,1955,0.021866688569597482
STAT,5+,YES,1952,0.021879411059348958
STAT,5+,YES,1953,0.0218751698517493
STAT,5+,YES,1950,0.021887894239204578
STAT,5+,YES,1951,0.021883652537931925
STAT,4,YES,1864,0.19129195728018905
STAT,4,YES,1865,0.19125517190003075
STAT,4,YES,1862,0.1913653191811008
STAT,4,YES,1863,0.1913286677082891
STAT,4,YES,1868,0.1911442668215112
STAT,1,NO,1788,4394.605641160048
STAT,4,YES,1869,0.19110711190144228
STAT,1,NO,1789,4393.631754966919
STAT,4,YES,1866,0.1912183099249037
STAT,4,YES,1867,0.1911813386558964
STAT,3,NO,1890,1601.1142153560584
STAT,3,NO,1891,1600.8046768393729
STAT,3,NO,1892,1600.494888966828
STAT,3,NO,1893,1600.184859845991
STAT,3,NO,1894,1599.8746050081
STAT,3,NO,1895,1599.5641436373892
STAT,3,NO,1896,1599.2535110462297
STAT,3,NO,1897,1598.9427497585277
STAT,3,NO,1898,1598.631924600195
STAT,3,NO,1899,1598.321095978082
STAT,3,NO,1889,1601.4235278992746
STAT,3,NO,1880,1604.2078080870183
STAT,3,NO,1881,1603.8973915459712
STAT,3,NO,1882,1603.587455957057
STAT,3,NO,1883,1603.2779029387827
STAT,3,NO,1884,1602.9686365236428
STAT,3,NO,1885,1602.6595605604632
STAT,3,NO,1886,1602.3505922720228
STAT,3,NO,1887,1602.041649663088
STAT,3,NO,1888,1601.7326517604056
STAT,3,NO,1878,1604.8302135094118
STAT,3,NO,1879,1604.5187444242947
STAT,3,NO,1870,1607.3375895584732
STAT,1,NO,1759,6527.971599868223
STAT,3,NO,1871,1607.0235133510262
STAT,3,NO,1872,1606.7093749855858
STAT,3,NO,1873,1606.3952932758243
STAT,3,NO,1874,1606.0814120524406
STAT,1,NO,1755,9197.050387704932
STAT,3,NO,1875,1605.7678615325412
STAT,1,NO,1756,8364.4179197213
STAT,3,NO,1876,1605.4547719925533
STAT,1,NO,1757,7648.070879028182
STAT,3,NO,1877,1605.1422231010047
STAT,1,NO,1758,7032.540627364829
STAT,3,NO,1867,1608.2781191480155
STAT,3,NO,1868,1607.9650571651116
STAT,3,NO,1869,1607.6514983608831
STAT,3,NO,1860,1610.44978701008
STAT,3,NO,1861,1610.1416716868175
STAT,3,NO,1862,1609.832836706178
STAT,3,NO,1863,1609.5232750747805
STAT,3,NO,1864,1609.2130488620112
STAT,3,NO,1865,1608.9021130034744
STAT,3,NO,1866,1608.5905109676885
STAT,2,YES,1927,10.164638841230401
STAT,3,NO,1856,1611.681838010018
STAT,2,YES,1928,10.162667143588136
STAT,3,NO,1857,1611.3735534022758
STAT,3,NO,1858,1611.0655143743472
STAT,2,YES,1929,10.160696181708431
STAT,3,NO,1859,1610.7576897625554
STAT,2,YES,1920,10.17845369009226
STAT,2,YES,1921,10.176479558993195
STAT,2,YES,1922,10.174505419732977
STAT,2,YES,1923,10.172531390911336
STAT,2,YES,1924,10.170557597542038
STAT,2,YES,1925,10.168584164463798
STAT,2,YES,1926,10.166611210602566
STAT,4,YES,1817,0.1930492459935204
STAT,4,YES,1818,0.19300907168933346
STAT,4,YES,1815,0.19312779631123142
STAT,4,YES,1816,0.19308870661455982
STAT,4,YES,1819,0.19296919394908274
STAT,4,YES,1810,0.1933149467520894
STAT,3,NO,1850,1613.5509438434378
STAT,3,NO,1851,1613.236176327414
STAT,3,NO,1852,1612.922780782793
STAT,4,YES,1813,0.19320361703715364
STAT,3,NO,1853,1612.610729716703
STAT,4,YES,1814,0.1931660415528331
STAT,4,YES,1811,0.19327824514551295
STAT,3,NO,1854,1612.3000729809937
STAT,3,NO,1855,1611.9904776284195
STAT,4,YES,1812,0.19324120716592347
STAT,2,YES,1938,10.142990666649935
STAT,3,NO,1845,1615.142756300554
STAT,3,NO,1846,1614.8221987918298
STAT,2,YES,1939,10.141026179698176
STAT,3,NO,1847,1614.5026418657972
STAT,3,NO,1848,1614.1841948562624
STAT,3,NO,1849,1613.866990788187
STAT,2,YES,1930,10.158725996760634
STAT,2,YES,1931,10.156756608313133
STAT,2,YES,1932,10.154788013788275
STAT,2,YES,1933,10.152820190024807
STAT,2,YES,1934,10.15085309308523
STAT,2,YES,1935,10.148886663683177
STAT,2,YES,1936,10.146920832847487
STAT,2,YES,1937,10.144955525885555
STAT,4,YES,1806,0.1934511224648755
STAT,4,YES,1807,0.19341664623572838
STAT,4,YES,1804,0.1935206307845692
STAT,4,YES,1805,0.1934865035894505
STAT,4,YES,1808,0.19338231508498524
STAT,2,YES,1940,10.139061994691675
STAT,4,YES,1809,0.19334879742658187
STAT,3,NO,1840,1616.7393843825287
STAT,3,NO,1841,1616.421282581707
STAT,4,YES,1802,0.193588597561318
STAT,3,NO,1842,1616.1025679145994
STAT,4,YES,1803,0.19355333805459074
STAT,3,NO,1843,1615.7831523509522
STAT,4,YES,1800,0.1936598075862662
STAT,3,NO,1844,1615.463209913052
STAT,4,YES,1801,0.19362305355971984
STAT,2,YES,1905,10.208059787419948
STAT,3,NO,1834,1618.604474221099
STAT,3,NO,1835,1618.2979661087993
STAT,2,YES,1906,10.206082563821898
STAT,3,NO,1836,1617.9901737727537
STAT,2,YES,1907,10.204106582874653
STAT,3,NO,1837,1617.6808174193943
STAT,2,YES,1908,10.202131676807236
STAT,3,NO,1838,1617.3692830857105
STAT,2,YES,1909,10.200157660274666
STAT,3,NO,1839,1617.0555818159157
STAT,2,YES,1900,10.217967643355422
STAT,2,YES,1901,10.215983186628403
STAT,2,YES,1902,10.214000098546965
STAT,2,YES,1903,10.212018489781704
STAT,2,YES,1904,10.210038398244997
STAT,3,NO,1830,1619.8138822800495
STAT,3,NO,1831,1619.5132722885637
STAT,3,NO,1832,1619.2118880564576
STAT,3,NO,1833,1618.9088575697224
STAT,2,YES,1916,10.186348282013276
STAT,3,NO,1823,1621.9788113962786
STAT,3,NO,1824,1621.65936800652
STAT,2,YES,1917,10.184375048867778
STAT,3,NO,1825,1621.3415422979879
STAT,2,YES,1918,10.182401512977785
STAT,3,NO,1826,1621.0344392097268
STAT,2,YES,1919,10.180427705107094
STAT,3,NO,1827,1620.7283939368363
STAT,3,NO,1828,1620.4222577149806
STAT,3,NO,1829,1620.117911807816
STAT,2,YES,1910,10.198184332732597
STAT,2,YES,1911,10.196211487843456
STAT,2,YES,1912,10.194238921545299
STAT,2,YES,1913,10.192266448110963
STAT,2,YES,1914,10.190293919660057
STAT,2,YES,1915,10.18832122372677
STAT,3,NO,1820,1622.9502492680208
STAT,3,NO,1821,1622.6262286096944
STAT,3,NO,1822,1622.3030956568234
STAT,2,NO,1875,2986.7001539140724
STAT,2,NO,1876,2986.120088931653
STAT,2,NO,1873,2987.8632322440276
STAT,2,NO,1874,2987.2812308388047
STAT,2,NO,1871,2989.0295056150153
STAT,2,NO,1872,2988.446041711026
STAT,2,NO,1870,2989.613470459558
STAT,2,YES,1842,10.333553525513423
STAT,2,YES,1843,10.331508871891584
STAT,2,YES,1844,10.32946672742683
STAT,2,YES,1845,10.327427654673377
STAT,2,YES,1846,10.325393176310055
STAT,2,YES,1847,10.323367893390824
STAT,2,YES,1848,10.321351742979582
STAT,2,YES,1849,10.31934441596982
STAT,1,YES,1799,14.175944806575036
STAT,2,YES,1850,10.317344775968259
STAT,2,YES,1851,10.315352375242307
STAT,2,YES,1852,10.313366724591507
STAT,2,NO,1879,2984.385657684212
STAT,2,NO,1877,2985.5410506223725
STAT,2,NO,1878,2984.9629404980797
STAT,2,NO,1886,2980.356958697495
STAT,2,NO,1887,2979.7814054386736
STAT,2,NO,1884,2981.5073802508346
STAT,2,NO,1885,2980.9322507016254
STAT,2,NO,1882,2982.657661860085
STAT,2,NO,1883,2982.0824663388935
STAT,2,NO,1880,2983.8090950079886
STAT,2,NO,1881,2983.233140414572
STAT,2,YES,1853,10.31138683621128
STAT,2,YES,1854,10.30941195445249
STAT,2,YES,1855,10.307439955923419
STAT,2,YES,1856,10.305469678055662
STAT,2,YES,1857,10.303498292845191
STAT,2,YES,1858,10.301525141066916
STAT,2,YES,1859,10.299549925789261
STAT,1,YES,1789,14.202040488958609
STAT,1,YES,1788,14.205188493142341
STAT,1,YES,1798,14.178475492890545
STAT,1,YES,1797,14.18095824499367
STAT,1,YES,1796,14.18343262851134
STAT,1,YES,1795,14.185893643729829
STAT,2,YES,1860,10.297571508644776
STAT,1,YES,1794,14.188570225397289
STAT,2,YES,1861,10.295589432607724
STAT,1,YES,1793,14.191197721857707
STAT,2,YES,1862,10.293602049657187
STAT,1,YES,1792,14.193817027462387
STAT,2,YES,1863,10.291609819091592
STAT,1,YES,1791,14.196363598215434
STAT,1,YES,1790,14.198898913851409
STAT,2,NO,1888,2979.205509112756
STAT,2,NO,1889,2978.629214780496
STAT,2,YES,1828,10.361470350982033
STAT,2,NO,1853,2999.447805329058
STAT,2,NO,1854,2998.873338009454
STAT,2,YES,1829,10.359530270658901
STAT,2,NO,1851,3000.6013288591566
STAT,2,NO,1852,3000.023729009467
STAT,2,NO,1850,3001.180892217581
STAT,2,YES,1820,10.377296838843911
STAT,2,YES,1821,10.375272272134003
STAT,2,YES,1822,10.373258587422955
STAT,2,YES,1823,10.371247711008225
STAT,2,YES,1824,10.369260305513274
STAT,2,YES,1825,10.367283394606646
STAT,2,YES,1826,10.365347040370926
STAT,2,YES,1827,10.363411010188644
STAT,2,YES,1830,10.357585485195168
STAT,2,NO,1859,2996.00460262983
STAT,2,NO,1857,2997.153131056571
STAT,2,NO,1858,2996.5791669657187
STAT,2,NO,1855,2998.2997093837325
STAT,2,NO,1856,2997.7265812759233
STAT,4,NO,1902,674.9998030911212
STAT,2,YES,1839,10.33968896753023
STAT,2,NO,1864,2993.1142217637207
STAT,2,NO,1865,2992.5324301953056
STAT,4,NO,1901,675.1310930412478
STAT,2,NO,1862,2994.274443118396
STAT,4,NO,1904,674.7373909261067
STAT,2,NO,1863,2993.694929257406
STAT,4,NO,1903,674.8685618611255
STAT,4,NO,1906,674.4753186247694
STAT,2,NO,1860,2995.4291069126884
STAT,4,NO,1905,674.6063060706979
STAT,2,NO,1861,2994.852546871468
STAT,4,NO,1908,674.2136562977388
STAT,4,NO,1907,674.3444343166728
STAT,2,YES,1831,10.355645720040098
STAT,4,NO,1909,674.0829840458699
STAT,2,YES,1832,10.353694729669437
STAT,2,YES,1833,10.351729382712062
STAT,2,YES,1834,10.349751439237174
STAT,2,YES,1835,10.347759181993087
STAT,2,YES,1836,10.345756834886135
STAT,2,YES,1837,10.34374463061777
STAT,2,YES,1838,10.34172160335272
STAT,2,YES,1840,10.337647249886677
STAT,2,YES,1841,10.33559981722597
STAT,2,NO,1868,2990.782104597923
STAT,2,NO,1869,2990.197764288613
STAT,4,NO,1900,675.2624059859216
STAT,2,NO,1866,2991.9497515874086
STAT,2,NO,1867,2991.3662114019585
STAT,2,YES,1886,10.245757054523098
STAT,2,YES,1887,10.243778439564018
STAT,2,YES,1888,10.241798645222046
STAT,2,YES,1889,10.239817482629087
STAT,1,YES,1759,21.10111227853652
STAT,1,YES,1758,22.732088691131924
STAT,1,YES,1757,24.721737811456908
STAT,1,YES,1756,27.037268616824992
STAT,1,YES,1755,29.72868216311436
STAT,1,YES,1765,15.78334485468001
STAT,2,YES,1890,10.23783484467784
STAT,1,YES,1764,16.257789083595796
STAT,2,YES,1891,10.235850760974808
STAT,1,YES,1763,16.857707927795094
STAT,2,YES,1892,10.233865344318115
STAT,1,YES,1762,17.60718854051335
STAT,2,YES,1893,10.231878840271158
STAT,1,YES,1761,18.536946095181843
STAT,2,YES,1894,10.229891518408243
STAT,1,YES,1760,19.685169802293156
STAT,2,YES,1895,10.227903653322267
STAT,2,YES,1896,10.225915563607407
STAT,2,YES,1897,10.22392757306506
STAT,2,YES,1898,10.221940057287402
STAT,2,YES,1899,10.219953332497342
STAT,2,NO,1897,2974.0070475467655
STAT,2,NO,1898,2973.428905156016
STAT,2,NO,1895,2975.163637381931
STAT,2,NO,1896,2974.58532804035
STAT,2,NO,1893,2976.3199673653835
STAT,2,NO,1894,2975.741881381902
STAT,2,NO,1891,2977.4753472407183
STAT,2,NO,1892,2976.8978154568777
STAT,2,YES,1864,10.28961348510125
STAT,2,NO,1890,2978.0524912857672
STAT,2,YES,1865,10.287613424320282
STAT,2,YES,1866,10.28561031410895
STAT,2,YES,1867,10.283604241999289
STAT,2,YES,1868,10.28159622198995
STAT,2,YES,1869,10.279587399245115
STAT,1,YES,1779,14.254030136536887
STAT,1,YES,1778,14.266789561748366
STAT,1,YES,1777,14.281099210459733
STAT,1,YES,1787,14.208423308077105
STAT,1,YES,1786,14.211820126951167
STAT,1,YES,1785,14.215612536316495
STAT,2,YES,1870,10.277578736288337
STAT,1,YES,1784,14.220567677191827
STAT,2,YES,1871,10.275571204301896
STAT,1,YES,1783,14.225755331455058
STAT,2,YES,1872,10.273565394429736
STAT,1,YES,1782,14.23162283894528
STAT,2,YES,1873,10.271561834355985
STAT,1,YES,1781,14.238058658793896
STAT,2,YES,1874,10.26956105220608
STAT,1,YES,1780,14.245622679516426
STAT,2,NO,1899,2972.8509928532403
STAT,2,YES,1875,10.26756344819982
STAT,2,YES,1876,10.265569323010082
STAT,2,YES,1877,10.263578727277983
STAT,2,YES,1878,10.261591322424689
STAT,2,YES,1879,10.259606761667504
STAT,1,YES,1769,14.741037226087643
STAT,1,YES,1768,14.915835948854332
STAT,1,YES,1767,15.127578512159857
STAT,1,YES,1766,15.412027873561522
STAT,1,YES,1776,14.300571288683459
STAT,1,YES,1775,14.325333936287407
STAT,2,YES,1880,10.257624676571929
STAT,1,YES,1774,14.35346868406014
STAT,2,YES,1881,10.255644681920172
STAT,1,YES,1773,14.39982396881185
STAT,2,YES,1882,10.253666323776812
STAT,1,YES,1772,14.453970872273175
STAT,2,YES,1883,10.251688938634482
STAT,1,YES,1771,14.528019261393979
STAT,2,YES,1884,10.249711929697167
STAT,1,YES,1770,14.623710321776288
STAT,2,YES,1885,10.247734771350805
STAT,4,NO,1957,667.841887451738
STAT,4,NO,1956,667.9714093435275
STAT,4,NO,1959,667.5829328711724
STAT,4,NO,1958,667.7123944080432
STAT,5+,YES,1888,0.02215245579265339
STAT,5+,YES,1889,0.022148186538775774
STAT,5+,YES,1886,0.02216100197492766
STAT,5+,YES,1887,0.022156727132837565
STAT,5+,YES,1884,0.02216956748547616
STAT,5+,YES,1885,0.022165281767543597
STAT,5+,YES,1882,0.022178159646852838
STAT,5+,YES,1883,0.02217385984504802
STAT,5+,YES,1880,0.02218678423723048
STAT,4,NO,1951,668.6193388207777
STAT,5+,YES,1881,0.022182467552543824
STAT,4,NO,1950,668.7489662379411
STAT,4,NO,1953,668.3601164523936
STAT,4,NO,1952,668.4897213580132
STAT,4,NO,1955,668.1009570363452
STAT,4,NO,1954,668.2305272183257
STAT,4,NO,1968,666.419351848631
STAT,4,NO,1967,666.5485045623964
STAT,4,NO,1969,666.2902272514616
STAT,2,NA,2000,63219.81330925589
STAT,2,NA,2001,63207.56047530773
STAT,2,NA,2002,63195.30998513422
STAT,2,NA,2003,63183.06184215868
STAT,2,NA,2004,63170.8160509353
STAT,2,NA,2005,63158.5726168096
STAT,2,NA,2006,63146.331545563895
STAT,5+,YES,1899,0.02210539443550488
STAT,5+,YES,1897,0.022113977776877528
STAT,5+,YES,1898,0.022109687396014478
STAT,2,NO,1808,3025.9306127886575
STAT,5+,YES,1895,0.02212254842928975
STAT,5+,YES,1896,0.022118264976969504
STAT,2,NO,1809,3025.352343625673
STAT,5+,YES,1893,0.02213110442317333
STAT,4,NO,1960,667.4535049897872
STAT,2,NO,1806,3027.077937100321
STAT,5+,YES,1894,0.022126828177173062
STAT,2,NO,1807,3026.5059554924737
STAT,5+,YES,1891,0.022139648655108066
STAT,4,NO,1962,667.194755767845
STAT,2,NO,1804,3028.1931622702923
STAT,4,NO,1961,667.3241123185679
STAT,5+,YES,1892,0.022135377726319107
STAT,2,NO,1805,3027.6480308397936
STAT,4,NO,1964,666.936151496661
STAT,2,NO,1802,3029.2631125369744
STAT,5+,YES,1890,0.02214391788382554
STAT,4,NO,1963,667.0654356065428
STAT,2,NO,1803,3028.723996688456
STAT,4,NO,1966,666.6776874844784
STAT,2,NO,1800,3030.336651403799
STAT,4,NO,1965,666.8069025648927
STAT,2,NO,1801,3029.7941920438643
STAT,4,NO,1979,665.0001730846328
STAT,4,NO,1978,665.129092896327
STAT,2,NA,2010,63097.39100126343
STAT,2,NA,2011,63085.16182330367
STAT,2,NA,2012,63072.935034543036
STAT,2,NA,2013,63060.71063599781
STAT,2,NA,2014,63048.4886275214
STAT,2,NA,2015,63036.269007868934
STAT,5+,YES,1859,0.022277139531461453
STAT,2,NA,2016,63024.051774813146
STAT,5+,YES,1868,0.022238762002320937
STAT,2,NA,2007,63134.09284306464
STAT,5+,YES,1869,0.022234457186332764
STAT,2,NA,2008,63121.856514931365
STAT,5+,YES,1866,0.022247337606355208
STAT,2,NA,2009,63109.62256623768
STAT,5+,YES,1867,0.02224305599988495
STAT,5+,YES,1864,0.022255868885850853
STAT,5+,YES,1865,0.022251606458318505
STAT,5+,YES,1862,0.022264380105167642
STAT,5+,YES,1863,0.022260125755804737
STAT,4,NO,1971,666.0320541130267
STAT,5+,YES,1860,0.02227288050421169
STAT,4,YES,1798,0.19373234484349078
STAT,4,NO,1970,666.1611286712595
STAT,5+,YES,1861,0.022268631370738118
STAT,4,YES,1799,0.19369590835329054
SIM,4,YES,1997,1
STAT,4,NO,1973,665.7739701186402
STAT,4,YES,1796,0.19380901930297928
STAT,4,NO,1972,665.9030017740564
STAT,4,YES,1797,0.19376994049213125
STAT,4,NO,1975,665.5159643758471
STAT,4,NO,1974,665.6449579332209
STAT,4,NO,1977,665.2580317386481
STAT,4,NO,1976,665.3869889981216
STAT,4,YES,1790,0.19405702816223092
STAT,4,NO,1989,663.712259997867
STAT,4,YES,1791,0.19401875176284478
STAT,4,YES,1794,0.1938997255305296
STAT,4,YES,1795,0.19384821005136904
STAT,4,YES,1792,0.19398453309410205
STAT,4,YES,1793,0.19394036058986858
STAT,5+,YES,1879,0.022191108888150624
STAT,5+,YES,1877,0.022199776749164037
STAT,5+,YES,1878,0.02219544014321432
SIM,4,YES,1988,1
STAT,5+,YES,1875,0.022208461165678213
STAT,5+,YES,1876,0.022204117407328514
STAT,5+,YES,1873,0.02221714872797854
STAT,4,NO,1980,664.8712731795744
STAT,5+,YES,1874,0.022212805932281903
STAT,5+,YES,1871,0.02222581886558998
STAT,4,NO,1982,664.6135375364022
STAT,4,YES,1787,0.1941237860838656
STAT,5+,YES,1872,0.022221487196367008
STAT,4,NO,1981,664.7423942594806
STAT,4,YES,1788,0.19414282963829974
STAT,4,NO,1984,664.3558957618202
STAT,4,YES,1785,0.19399259775093827
STAT,5+,YES,1870,0.022230142167656432
STAT,4,NO,1983,664.4847042835911
STAT,4,YES,1786,0.19406149105833082
SIM,4,YES,1980,1
STAT,4,NO,1986,664.0983575052295
STAT,4,NO,1985,664.2271131527799
STAT,4,NO,1988,663.8409303779239
STAT,4,YES,1789,0.19413182909082952
STAT,4,NO,1987,663.9696296920218
STAT,2,NO,1831,3012.3221367914803
STAT,4,NO,1913,673.5611963336485
STAT,4,NO,1912,673.6915324709905
STAT,2,NO,1832,3011.7546191647616
STAT,4,NO,1915,673.3006592791901
STAT,4,NO,1914,673.430910084626
STAT,2,NO,1830,3012.88638914954
STAT,4,NO,1917,673.0402078203426
STAT,4,NO,1916,673.1704297638381
STAT,4,NO,1919,672.779740476507
STAT,4,NO,1918,672.9099811036141
STAT,2,NO,1839,3007.680525817506
STAT,2,NO,1837,3008.8602652589825
STAT,2,NO,1838,3008.271793040201
STAT,2,NO,1835,3010.028045840137
STAT,2,NO,1836,3009.4455892093415
SIM,4,YES,1971,1
STAT,4,NO,1911,673.8219329723203
STAT,2,NO,1833,3011.1829253943984
STAT,2,NO,1834,3010.6075674615577
STAT,4,NO,1910,673.9524125719923
STAT,4,NO,1924,672.1282049702403
STAT,2,NO,1842,3005.8958058390604
STAT,2,NO,1843,3005.3010427954405
STAT,4,NO,1923,672.2585555394488
STAT,2,NO,1840,3007.0866168116318
STAT,4,NO,1926,671.8674726222265
STAT,4,NO,1925,671.997841392969
STAT,2,NO,1841,3006.4910453818766
STAT,4,NO,1928,671.6067551556268
STAT,4,NO,1927,671.7371074429599
STAT,4,NO,1929,671.4764247876446
SIM,4,YES,1962,1
STAT,2,NO,1848,3002.3464666062696
STAT,2,NO,1849,3001.762561386765
STAT,2,NO,1846,3003.5220667972067
STAT,4,NO,1920,672.6494797580788
STAT,2,NO,1847,3002.9329384380653
STAT,2,NO,1844,3004.7070096328516
STAT,4,NO,1922,672.3888870613875
STAT,2,NO,1845,3004.1138699909748
STAT,4,NO,1921,672.5191956053068
STAT,4,NO,1935,670.6953110785996
STAT,4,NO,1934,670.8253681236407
STAT,2,NO,1810,3024.767231062071
STAT,4,NO,1937,670.4353616597114
STAT,4,NO,1936,670.5653094063836
STAT,4,NO,1939,670.1756157903162
STAT,4,NO,1938,670.3054651302386
STAT,2,NO,1819,3019.225096642453
STAT,2,NO,1817,3020.448969021324
STAT,2,NO,1818,3019.8328694149723
STAT,2,NO,1815,3021.6837874402954
SIM,4,YES,1954,1
STAT,2,NO,1816,3021.065406436419
STAT,4,NO,1931,671.2158632472493
STAT,2,NO,1813,3022.9184316689907
STAT,2,NO,1814,3022.301557537487
STAT,4,NO,1930,671.3461248595129
STAT,2,NO,1811,3024.154495700728
STAT,4,NO,1933,670.9554805137407
STAT,4,NO,1932,671.0856466806658
STAT,2,NO,1812,3023.5375673845692
STAT,2,NO,1820,3018.6201645748015
STAT,4,NO,1946,669.267549175006
STAT,2,NO,1821,3018.0312445516033
STAT,4,NO,1945,669.3972145637813
STAT,4,NO,1948,669.0082439939099
STAT,4,NO,1947,669.1378929206226
STAT,4,NO,1949,668.8786016786623
SIM,4,YES,1945,1
STAT,2,NO,1828,3014.0164458861855
STAT,2,NO,1829,3013.45210184985
STAT,2,NO,1826,3015.1441242154115
STAT,4,NO,1940,670.0458086664879
STAT,2,NO,1827,3014.5809583121727
STAT,4,NO,1942,669.7862989616923
STAT,2,NO,1824,3016.2824419537887
STAT,2,NO,1825,3015.7073843815674
STAT,4,NO,1941,669.9160382767207
STAT,4,NO,1944,669.5268919761023
STAT,2,NO,1822,3017.445489959797
STAT,4,NO,1943,669.6565852420844
STAT,2,NO,1823,3016.8605522647304
STAT,3,NO,1933,1587.8195639090259
STAT,3,NO,1934,1587.511777371113
STAT,3,NO,1935,1587.2041173708265
STAT,3,NO,1936,1586.8965780671379
STAT,3,NO,1937,1586.5891510288832
STAT,3,NO,1938,1586.2818258975274
STAT,3,NO,1939,1585.97459057487
STAT,5+,YES,1802,0.022522791774860787
STAT,5+,YES,1803,0.022518530016413768
STAT,5+,YES,1800,0.02253129253847944
STAT,5+,YES,1801,0.022526874308000263
STAT,3,NO,1930,1588.7436909347239
STAT,3,NO,1931,1588.4355239660663
STAT,3,NO,1932,1588.1274797862102
STAT,3,NO,1922,1591.2117422267324
STAT,3,NO,1923,1590.9031479278754
STAT,3,NO,1924,1590.5945385520658
STAT,3,NO,1925,1590.285933234051
STAT,3,NO,1926,1589.9773530741995
STAT,3,NO,1927,1589.6688194157384
STAT,3,NO,1928,1589.3603528074195
STAT,3,NO,1929,1589.0519714635168
STAT,5+,YES,1808,0.022498442509734113
STAT,5+,YES,1809,0.022494652288040234
STAT,5+,YES,1806,0.02250640893207672
STAT,5+,YES,1807,0.022502407326100024
STAT,5+,YES,1804,0.022514677716028296
STAT,5+,YES,1805,0.02251057262656411
STAT,5+,YES,1813,0.022478276773617356
STAT,5+,YES,1814,0.022474073425482993
STAT,5+,YES,1811,0.022486687006847576
STAT,5+,YES,1812,0.022482503970485294
STAT,5+,YES,1810,0.02249086483350513
STAT,3,NO,1920,1591.8288246847176
STAT,3,NO,1921,1591.520305226466
STAT,3,NO,1911,1594.6041730640663
STAT,3,YES,1798,1.778665905277996
STAT,3,NO,1912,1594.2956990182872
STAT,3,YES,1797,1.7789988473703116
STAT,3,NO,1913,1593.987315333864
STAT,3,NO,1914,1593.6789888771934
STAT,3,YES,1799,1.778342473241685
STAT,3,NO,1915,1593.3706895203632
STAT,3,NO,1916,1593.0623905433908
STAT,3,NO,1917,1592.754068845844
STAT,3,NO,1918,1592.4457063258844
STAT,3,NO,1919,1592.1372927055666
STAT,3,NO,1910,1594.9127739001385
STAT,3,NO,1900,1598.0103161956338
STAT,3,YES,1787,1.7827222096853046
STAT,3,NO,1901,1597.6996351932896
STAT,3,YES,1786,1.782810044080951
STAT,3,NO,1902,1597.389095857218
STAT,3,YES,1789,1.7821516875648022
STAT,3,NO,1903,1597.078742815774
STAT,3,YES,1788,1.7824933023901326
STAT,3,NO,1904,1596.7686092727297
STAT,3,NO,1905,1596.458714611792
STAT,3,NO,1906,1596.14906705346
STAT,3,NO,1907,1595.8396627595932
STAT,3,NO,1908,1595.5304915723507
STAT,3,NO,1909,1595.2215366883772
STAT,3,YES,1790,1.7815599138280724
STAT,3,YES,1792,1.7808687606370737
STAT,3,YES,1791,1.7812030209636223
STAT,3,YES,1794,1.7801152576666468
STAT,3,YES,1793,1.7804811184989566
STAT,3,YES,1796,1.7793426027028099
STAT,3,YES,1795,1.7796920479661005
STAT,1,NO,1894,4305.457641862174
STAT,5+,NA,1992,9648.567804289563
STAT,3,YES,1776,1.773458812339565
STAT,1,NO,1895,4304.621082271574
STAT,5+,NA,1993,9646.69779818263
STAT,4,YES,1780,0.19305041095624062
STAT,3,YES,1775,1.7693303811025116
STAT,1,NO,1896,4303.7849646997765
STAT,5+,NA,1990,9652.308890941593
STAT,3,YES,1778,1.7801766564335282
STAT,1,NO,1897,4302.949364726209
STAT,5+,NA,1991,9650.438168302313
STAT,3,YES,1777,1.7770496183378914
STAT,1,NO,1890,4308.806250598236
STAT,5+,NA,1996,9641.089924321332
STAT,4,YES,1783,0.19377021463206193
STAT,1,NO,1891,4307.96898917701
STAT,5+,NA,1997,9639.221348200244
STAT,4,YES,1784,0.19391855354023407
STAT,3,YES,1779,1.7811962600934257
STAT,1,NO,1892,4307.13170819369
STAT,5+,NA,1994,9644.828149544453
STAT,4,YES,1781,0.1933351012168315
STAT,1,NO,1893,4306.294551628113
STAT,5+,NA,1995,9642.958858220016
STAT,4,YES,1782,0.19357972893909425
STAT,5+,NA,1998,9637.35313040915
STAT,5+,NA,1999,9635.48527165472
STAT,5+,YES,1839,0.022364385821930198
STAT,5+,YES,1837,0.0223728243912614
STAT,5+,YES,1838,0.022368618441760222
STAT,5+,YES,1846,0.02233391210147327
STAT,5+,YES,1847,0.022329481847054654
STAT,5+,YES,1844,0.02234274850044029
STAT,5+,YES,1845,0.022338342454642703
STAT,5+,YES,1842,0.022351475046924914
STAT,5+,YES,1843,0.022347124052323815
STAT,5+,YES,1840,0.022360109919843756
STAT,4,NO,1991,663.4550065916195
STAT,5+,YES,1841,0.022355800878757374
STAT,4,NO,1990,663.5836187478309
STAT,4,NO,1993,663.1978683794022
STAT,4,YES,1776,0.19005781972471764
STAT,4,NO,1992,663.326423280022
STAT,4,YES,1777,0.19122858483159322
STAT,4,NO,1995,662.9408413670653
STAT,3,YES,1781,1.782631539529307
STAT,4,YES,1774,0.18711243745915018
STAT,4,NO,1994,663.0693413064027
STAT,3,YES,1780,1.782039150696225
STAT,4,YES,1775,0.188707025545393
STAT,1,NO,1898,4302.114345870033
STAT,4,NO,1997,662.6839198195021
STAT,3,YES,1783,1.7832762810375755
STAT,1,NO,1899,4301.279933262765
STAT,4,NO,1996,662.8123677998104
STAT,3,YES,1782,1.7830842216886404
STAT,4,NO,1999,662.4270976135099
STAT,4,YES,1778,0.19217025426775783
STAT,3,YES,1785,1.782961880523525
STAT,4,NO,1998,662.5554966602007
STAT,3,YES,1784,1.783283293350443
STAT,4,YES,1779,0.1927173606370815
STAT,1,NO,1883,4314.657165219004
STAT,5+,NA,1981,9669.16174719095
STAT,3,YES,1765,1.4387179367121634
STAT,5+,NA,1982,9667.287736690661
STAT,1,NO,1884,4313.8228532432695
STAT,3,YES,1764,1.3344667481624348
STAT,1,NO,1885,4312.987979865967
STAT,3,YES,1767,1.5933554483809014
STAT,5+,NA,1980,9671.036129088163
STAT,1,NO,1886,4312.152546608117
STAT,3,YES,1766,1.5240307874791181
STAT,5+,NA,1985,9661.66792535833
STAT,3,YES,1769,1.6826474211894906
STAT,4,YES,1772,0.1807995635758193
STAT,5+,NA,1986,9659.795390793653
STAT,1,NO,1880,4317.157515833906
STAT,3,YES,1768,1.648103625281056
STAT,4,YES,1773,0.18463611344130004
STAT,1,NO,1881,4316.324351221049
STAT,5+,NA,1983,9665.414096932544
STAT,4,YES,1770,0.17055196318122856
STAT,1,NO,1882,4315.490961182762
STAT,5+,NA,1984,9663.540826914012
STAT,4,YES,1771,0.17605370403715803
STAT,5+,NA,1989,9654.179973195205
STAT,5+,NA,1987,9657.923221639334
STAT,5+,NA,1988,9656.051416288969
STAT,5+,NO,2011,297.5718457832818
STAT,5+,NO,2010,297.62953383799896
STAT,5+,YES,1848,0.0223250524332956
STAT,5+,NO,2013,297.4565026241407
STAT,5+,YES,1849,0.02232062615119303
STAT,5+,NO,2012,297.5141686409108
STAT,5+,YES,1857,0.022285695763415214
STAT,5+,NO,2015,297.341204748876
STAT,5+,YES,1858,0.02228140960999755
STAT,5+,NO,2014,297.3988479338117
STAT,5+,YES,1855,0.022294310714304592
STAT,5+,YES,1856,0.02228999600864783
STAT,5+,NO,2016,297.28357321861154
STAT,5+,YES,1853,0.022303005578303253
STAT,5+,YES,1854,0.02229864812592936
STAT,5+,YES,1851,0.022311785802903307
STAT,5+,YES,1852,0.02230738634919701
STAT,4,YES,1765,0.12120149686264339
STAT,5+,YES,1850,0.022316202368923323
STAT,4,YES,1766,0.13349825358337
STAT,3,YES,1770,1.7074058864679023
STAT,4,YES,1763,0.09559247695932838
STAT,4,YES,1764,0.10842339120002147
STAT,1,NO,1887,4311.31659324764
STAT,4,YES,1769,0.16409712543596316
STAT,3,YES,1772,1.74437372931523
STAT,1,NO,1888,4310.480169110194
STAT,3,YES,1771,1.727504001741164
STAT,1,NO,1889,4309.643353317684
STAT,3,YES,1774,1.7643619922621052
STAT,4,YES,1767,0.14516750742710172
STAT,4,YES,1768,0.1554727238084553
STAT,3,YES,1773,1.7581988029049112
STAT,5+,NA,1970,9689.800215541676
STAT,5+,NA,1971,9687.922174621288
STAT,3,YES,1756,0.12442261858867826
STAT,3,YES,1755,0.1469032870548488
STAT,5+,NA,1974,9682.290201774578
STAT,4,YES,1761,0.07433402599595111
STAT,3,YES,1758,0.3462821178623796
STAT,5+,NA,1975,9680.413602163797
STAT,3,YES,1757,0.20496876286875632
STAT,4,YES,1762,0.08379165948743394
STAT,5+,NA,1972,9686.044490426337
STAT,5+,NA,1973,9684.167165327219
STAT,4,YES,1760,0.06858264865162884
STAT,3,YES,1759,0.5191513679633861
STAT,5+,NA,1978,9674.786007599463
STAT,5+,NA,1979,9672.910882626174
STAT,5+,YES,1819,0.022451571766640557
STAT,5+,NA,1976,9678.537368709463
STAT,5+,NA,1977,9676.661503336478
STAT,5+,YES,1817,0.02246080257953558
STAT,5+,YES,1818,0.02245617706797919
STAT,5+,YES,1815,0.02246978823875793
STAT,5+,YES,1816,0.02246532141764547
STAT,5+,YES,1824,0.02242846976906409
STAT,5+,YES,1825,0.02242384954997688
STAT,5+,YES,1822,0.0224377299539758
STAT,5+,YES,1823,0.022433066471398037
STAT,5+,YES,1820,0.022446869807798885
STAT,5+,YES,1821,0.02244230942234414
STAT,4,YES,1755,0.09607848720215338
STAT,3,YES,1761,0.8901150576313734
STAT,4,YES,1758,0.07104099594216469
STAT,3,YES,1760,0.7066040383893565
STAT,4,YES,1759,0.06719288527753958
STAT,3,YES,1763,1.209270904737972
STAT,4,YES,1756,0.08601771204717518
STAT,4,YES,1757,0.07670094211236136
STAT,3,YES,1762,1.0595337551030684
STAT,5+,NA,1960,9708.600031758277
STAT,5+,NA,1963,9702.956369867232
STAT,5+,NA,1964,9701.07586392978
STAT,5+,NA,1961,9706.71845057036
STAT,5+,NA,1962,9704.837231107429
STAT,5+,NA,1967,9695.436459118459
STAT,5+,NA,1968,9693.557359335273
STAT,5+,NA,1965,9699.195711043329
STAT,5+,NA,1966,9697.315909689829
STAT,5+,YES,1828,0.022410715920271034
STAT,5+,YES,1829,0.02240638689484413
STAT,5+,NA,1969,9691.678611042531
STAT,5+,YES,1826,0.022419467121552215
STAT,5+,YES,1827,0.02241509972064896
STAT,5+,YES,1835,0.022381174911260772
STAT,5+,YES,1836,0.022377004387302866
STAT,5+,YES,1833,0.022389533063730968
STAT,5+,YES,1834,0.022385359478900458
STAT,5+,YES,1831,0.022397890179978147
STAT,5+,YES,1832,0.022393714997726286
STAT,5+,YES,1830,0.022402073609930347
STAT,1,NO,1850,4342.307955359471
STAT,1,NO,1851,4341.476461255814
STAT,1,NO,1852,4340.645397400281
STAT,1,NO,1853,4339.8142127367755
STAT,1,NO,1858,4335.6404732042665
STAT,1,NO,1859,4334.800744323307
STAT,1,NO,1854,4338.982416488774
STAT,1,NO,1855,4338.149456429634
STAT,1,NO,1856,4337.314984477499
STAT,1,NO,1857,4336.4786035007155
STAT,1,NO,1840,4350.743081693428
STAT,1,NO,1841,4349.885110871538
STAT,1,NO,1842,4349.031234839378
STAT,1,NO,1847,4344.808756101337
STAT,1,NO,1848,4343.9734543882305
STAT,1,NO,1849,4343.140083902704
STAT,1,NO,1843,4348.1808953290965
STAT,1,NO,1844,4347.333436742113
STAT,1,NO,1845,4346.488857633311
STAT,1,NO,1846,4345.646914254142
STAT,1,NO,1872,4323.836316655957
STAT,3,NO,1999,1567.6373488025786
STAT,1,NO,1873,4322.99830478743
STAT,1,NO,1874,4322.161502483498
STAT,1,NO,1875,4321.325817282994
STAT,1,NO,1870,4325.516268827893
STAT,1,NO,1871,4324.675616304175
STAT,3,NO,1990,1570.3742286425359
STAT,3,NO,1991,1570.069882175042
STAT,3,NO,1992,1569.7656017347028
STAT,3,NO,1993,1569.4613857959596
STAT,3,NO,1994,1569.1572326546093
STAT,1,NO,1876,4320.491102377629
STAT,3,NO,1995,1568.853140525727
STAT,1,NO,1877,4319.657178785593
STAT,3,NO,1996,1568.5491076402147
STAT,1,NO,1878,4318.823755311636
STAT,3,NO,1997,1568.2451323349117
STAT,1,NO,1879,4317.990595164489
STAT,3,NO,1998,1567.9412131319984
STAT,3,NO,1988,1570.9831242912744
STAT,1,NO,1861,4333.11668264741
STAT,1,NO,1862,4332.272478483937
STAT,3,NO,1989,1570.6786423870835
STAT,1,NO,1863,4331.427375073544
STAT,1,NO,1864,4330.581845307442
STAT,1,NO,1860,4333.959440404124
STAT,1,NO,1869,4326.358264592277
STAT,3,NO,1980,1573.4213780905973
STAT,3,NO,1981,1573.1163778489765
STAT,3,NO,1982,1572.8114353762983
STAT,3,NO,1983,1572.5065534400785
STAT,1,NO,1865,4329.736223416531
STAT,3,NO,1984,1572.2017345378595
STAT,1,NO,1866,4328.890807233301
STAT,3,NO,1985,1571.8969807823714
STAT,3,NO,1986,1571.5922938220958
STAT,1,NO,1867,4328.045777804742
STAT,1,NO,1868,4327.201500006672
STAT,3,NO,1987,1571.287674791915
SIM,2,NO,1874,3266
STAT,3,NO,1977,1574.3366967343036
STAT,2,YES,1806,10.4063726454402
SIM,2,NO,1875,3339
STAT,3,NO,1978,1574.0315403160566
STAT,2,YES,1807,10.404406308966074
SIM,2,NO,1872,3327
STAT,2,YES,1808,10.402428417844972
STAT,3,NO,1979,1573.726433204214
SIM,2,NO,1873,3347
STAT,2,YES,1809,10.400440466254544
SIM,2,NO,1878,3280
SIM,2,NO,1879,3334
SIM,2,NO,1876,3304
SIM,2,NO,1877,3315
STAT,2,YES,1800,10.417575328718128
STAT,2,YES,1801,10.415710482697706
SIM,2,NO,1870,3338
STAT,2,YES,1802,10.413884757900451
SIM,2,NO,1871,3247
STAT,2,YES,1803,10.412031406075583
STAT,2,YES,1804,10.410206523834942
STAT,2,YES,1805,10.408332491872642
STAT,1,NO,1818,4369.198433269845
STAT,1,NO,1819,4368.358295388915
STAT,1,NO,1814,4372.643520192225
STAT,1,NO,1815,4371.773404601164
STAT,3,NO,1970,1576.474052883224
SIM,2,NO,1869,3306
STAT,3,NO,1971,1576.1685809454552
STAT,1,NO,1816,4370.906659840103
STAT,3,NO,1972,1575.8631562574815
STAT,1,NO,1817,4370.048707341857
STAT,3,NO,1973,1575.557776673489
STAT,1,NO,1810,4376.218779999996
STAT,1,NO,1811,4375.308748746977
STAT,3,NO,1974,1575.2524409105836
STAT,3,NO,1975,1574.9471485704428
STAT,1,NO,1812,4374.409494530309
STAT,1,NO,1813,4373.521875455607
STAT,3,NO,1976,1574.6419001058755
SIM,2,NO,1885,3217
STAT,3,NO,1966,1577.696482430688
STAT,2,YES,1817,10.383583832757381
SIM,2,NO,1886,3181
STAT,2,YES,1818,10.38146582911704
STAT,3,NO,1967,1577.3907853330118
SIM,2,NO,1883,3292
STAT,3,NO,1968,1577.085151091689
STAT,2,YES,1819,10.379376451147259
SIM,2,NO,1884,3260
STAT,3,NO,1969,1576.7795750352864
SIM,2,NO,1889,3253
SIM,2,NO,1887,3262
SIM,2,NO,1888,3346
STAT,2,YES,1810,10.398428988683468
STAT,2,YES,1811,10.396322550515826
STAT,2,YES,1812,10.394201697968619
SIM,2,NO,1881,3237
STAT,2,YES,1813,10.3920732569082
SIM,2,NO,1882,3320
STAT,2,YES,1814,10.389952590634952
STAT,2,YES,1815,10.38782884424513
SIM,2,NO,1880,3298
STAT,2,YES,1816,10.385702997703694
STAT,1,NO,1807,4378.860069601228
STAT,1,NO,1808,4377.9821798909525
STAT,1,NO,1809,4377.099524541188
STAT,1,NO,1803,4382.316010406157
STAT,1,NO,1804,4381.482470330222
STAT,3,NO,1960,1579.5322311332602
STAT,1,NO,1805,4380.641011846698
STAT,3,NO,1961,1579.2260691925783
STAT,1,NO,1806,4379.747830192208
STAT,3,NO,1962,1578.9199920445774
STAT,3,NO,1963,1578.6139980071646
STAT,1,NO,1800,4384.769612192706
STAT,3,NO,1964,1578.3080842789484
STAT,1,NO,1801,4383.953017017739
STAT,3,NO,1965,1578.002247186018
STAT,1,NO,1802,4383.135674403825
STAT,3,NO,1955,1581.0642758822182
STAT,3,NO,1956,1580.7577128493822
STAT,3,NO,1957,1580.4512223150168
STAT,1,NO,1830,4359.28767637448
STAT,1,NO,1831,4358.449135405322
STAT,3,NO,1958,1580.144809474744
SIM,2,NO,1856,3261
STAT,3,NO,1959,1579.838478244807
SIM,2,NO,1857,3270
SIM,2,NO,1854,3302
SIM,2,NO,1855,3320
STAT,1,NO,1836,4354.182981937201
STAT,1,NO,1837,4353.323047137388
STAT,1,NO,1838,4352.462845595826
STAT,1,NO,1839,4351.602517134038
STAT,3,NO,1950,1582.59793414947
STAT,1,NO,1832,4357.604458293913
STAT,3,NO,1951,1582.2911155291838
STAT,3,NO,1952,1581.9843327482915
STAT,1,NO,1833,4356.754364482821
STAT,1,NO,1834,4355.899952392942
STAT,3,NO,1953,1581.6775933097852
STAT,1,NO,1835,4355.042439503464
STAT,3,NO,1954,1581.3709051025858
SIM,2,NO,1863,3314
STAT,3,NO,1944,1584.4393227441658
SIM,2,NO,1864,3222
STAT,3,NO,1945,1584.1323774775014
SIM,2,NO,1861,3341
STAT,3,NO,1946,1583.8254520645587
SIM,2,NO,1862,3309
STAT,1,NO,1820,4367.524888674975
STAT,3,NO,1947,1583.5185439938527
SIM,2,NO,1867,3218
STAT,3,NO,1948,1583.2116532024302
SIM,2,NO,1868,3175
STAT,3,NO,1949,1582.9047818975184
SIM,2,NO,1865,3326
SIM,2,NO,1866,3317
SIM,2,NO,1860,3348
STAT,1,NO,1829,4360.123669260092
STAT,1,NO,1825,4363.419630581596
STAT,1,NO,1826,4362.6045917647825
SIM,2,NO,1858,3329
STAT,1,NO,1827,4361.783041052956
SIM,2,NO,1859,3258
STAT,1,NO,1828,4360.955547267819
STAT,3,NO,1940,1585.6674320864588
STAT,1,NO,1821,4366.702806637709
STAT,3,NO,1941,1585.3603375060625
STAT,1,NO,1822,4365.880749102156
STAT,3,NO,1942,1585.053294653742
STAT,1,NO,1823,4365.058418981837
STAT,3,NO,1943,1584.7462927605147
STAT,1,NO,1824,4364.238639318648
STAT,2,NO,1996,2917.480026285161
STAT,2,NO,1997,2916.9146169053115
STAT,2,NO,1994,2918.6111521145276
STAT,2,NO,1995,2918.045537386027
STAT,2,NO,1992,2919.7427023539326
STAT,2,NO,1993,2919.1768728511333
STAT,2,NO,1990,2920.8746998199836
STAT,2,NO,1991,2920.3086436358026
SIM,5+,NO,1951,69
SIM,5+,NO,1952,71
SIM,5+,NO,1950,62
SIM,5+,NO,1955,67
SIM,5+,NO,1956,58
SIM,5+,NO,1953,78
SIM,5+,NO,1954,63
SIM,5+,NO,1959,67
SIM,5+,NO,1957,71
STAT,2,NO,1998,2916.3493078798883
SIM,5+,NO,1958,79
STAT,2,NO,1999,2915.784098415065
SIM,5+,NO,1962,59
SIM,5+,NO,1963,58
SIM,5+,NO,1960,66
SIM,5+,NO,1961,72
SIM,5+,NO,1966,68
SIM,5+,NO,1967,75
SIM,5+,NO,1964,74
SIM,5+,NO,1965,66
SIM,5+,NO,1968,87
SIM,5+,NO,1969,68
SIM,2,NO,1896,3294
STAT,2,NO,1974,2929.947985355603
SIM,2,NO,1897,3245
STAT,2,NO,1975,2929.380082325838
SIM,2,NO,1894,3334
STAT,2,NO,1972,2931.084049688699
SIM,2,NO,1895,3208
STAT,2,NO,1973,2930.515975367665
STAT,2,NO,1970,2932.2204468885466
STAT,2,NO,1971,2931.652206879712
SIM,2,NO,1898,3273
SIM,2,NO,1899,3264
SIM,2,NO,1892,3254
SIM,2,NO,1893,3228
SIM,2,NO,1890,3313
SIM,2,NO,1891,3228
SIM,5+,NO,1970,74
SIM,5+,NO,1973,78
STAT,1,NO,1917,4286.310138839223
SIM,5+,NO,1974,68
STAT,1,NO,1918,4285.478638463674
SIM,5+,NO,1971,68
STAT,1,NO,1919,4284.647210286084
SIM,5+,NO,1972,53
SIM,5+,NO,1977,82
STAT,1,NO,1913,4289.63597492096
SIM,5+,NO,1978,56
STAT,1,NO,1914,4288.8046131840165
SIM,5+,NO,1975,72
STAT,1,NO,1915,4287.973165922279
SIM,5+,NO,1976,69
STAT,1,NO,1916,4287.141662178771
STAT,2,NO,1978,2927.6769355077035
STAT,2,NO,1979,2927.109423372519
STAT,1,NO,1910,4292.129429063173
SIM,5+,NO,1979,73
STAT,1,NO,1911,4291.298378819584
STAT,2,NO,1976,2928.8122699697565
STAT,1,NO,1912,4290.467231892276
STAT,2,NO,1977,2928.2445527293776
STAT,2,NO,1985,2923.7068000883437
STAT,2,NO,1986,2923.1401304958217
STAT,2,NO,1983,2924.840518463133
STAT,2,NO,1984,2924.2735962700713
STAT,2,NO,1981,2925.9747338586685
STAT,2,NO,1982,2925.4075651449994
STAT,2,NO,1980,2926.5420212852664
SIM,5+,NO,1980,51
SIM,5+,NO,1981,52
SIM,5+,NO,1984,67
STAT,1,NO,1906,4295.453417909439
SIM,5+,NO,1985,77
STAT,1,NO,1907,4294.622346705567
SIM,5+,NO,1982,67
STAT,1,NO,1908,4293.7913656203045
SIM,5+,NO,1983,73
STAT,1,NO,1909,4292.960410752097
SIM,5+,NO,1988,60
STAT,1,NO,1902,4298.780177258512
SIM,5+,NO,1989,73
STAT,1,NO,1903,4297.947951322207
SIM,5+,NO,1986,67
STAT,1,NO,1904,4297.116136857949
SIM,5+,NO,1987,63
STAT,1,NO,1905,4296.284653817822
STAT,2,NO,1989,2921.440873976638
STAT,1,NO,1900,4300.446121187247
STAT,2,NO,1987,2922.573587165686
STAT,1,NO,1901,4299.612883420571
STAT,2,NO,1988,2922.0071689469014
STAT,2,YES,1765,10.672387078975158
STAT,2,YES,1766,10.692882991836484
STAT,2,YES,1767,10.689844613325947
STAT,2,YES,1768,10.676771432077137
STAT,1,YES,1879,13.957536881451793
STAT,2,YES,1769,10.62922851763711
STAT,1,YES,1878,13.960230000676043
STAT,1,YES,1877,13.962923971081766
STAT,1,YES,1876,13.965619558076611
SIM,5+,NO,1991,64
STAT,1,YES,1886,13.938665886657935
SIM,5+,NO,1992,62
STAT,1,YES,1885,13.941366353518953
STAT,1,YES,1884,13.944065010613784
STAT,2,YES,1770,10.597016289518857
SIM,5+,NO,1990,79
STAT,1,YES,1883,13.94676185302585
STAT,2,YES,1771,10.5692534528519
SIM,5+,NO,1995,72
STAT,1,YES,1882,13.949457027473148
STAT,2,YES,1772,10.548936865635365
SIM,5+,NO,1996,58
STAT,1,YES,1881,13.95215088980093
STAT,2,YES,1773,10.536357994323819
SIM,5+,NO,1993,64
STAT,1,YES,1880,13.954844023460206
STAT,2,YES,1774,10.513763431442793
SIM,5+,NO,1994,61
STAT,2,YES,1775,10.504396911002988
SIM,5+,NO,1999,65
SIM,5+,NO,1997,67
SIM,5+,NO,1998,53
STAT,2,YES,1776,10.495187486403449
STAT,2,YES,1777,10.487747937321275
STAT,2,YES,1778,10.482986780000315
STAT,1,YES,1869,13.98458466029155
STAT,2,YES,1779,10.475101262030684
STAT,1,YES,1868,13.987310346959172
STAT,1,YES,1867,13.990039403043253
STAT,1,YES,1866,13.992770888708884
STAT,1,YES,1865,13.995503624526059
STAT,1,YES,1875,13.9683177029244
STAT,1,YES,1874,13.971018984168595
STAT,2,YES,1780,10.470740487034638
STAT,1,YES,1873,13.973723876354484
STAT,2,YES,1781,10.46632776147932
STAT,1,YES,1872,13.976432678354918
STAT,2,YES,1782,10.462461415889752
STAT,1,YES,1871,13.979145642993554
STAT,2,YES,1783,10.45843989831863
STAT,1,YES,1870,13.981862980687026
STAT,2,YES,1784,10.454679668023141
STAT,2,YES,1785,10.4504628941902
STAT,2,YES,1786,10.447525494601202
STAT,1,YES,1899,13.903521089924137
STAT,1,YES,1898,13.906218257619063
STAT,2,YES,1755,0.0
STAT,2,YES,1756,2.9773777328637423
STAT,2,YES,1757,5.236432656952787
STAT,2,YES,1758,6.934582086464951
STAT,1,YES,1889,13.930555133027973
STAT,2,YES,1759,8.216048244062614
STAT,1,YES,1888,13.933260068814535
STAT,1,YES,1887,13.935963738609463
STAT,1,YES,1897,13.908917384961963
STAT,1,YES,1896,13.911618390717338
STAT,1,YES,1895,13.91432106956492
STAT,1,YES,1894,13.917025177200635
STAT,2,YES,1760,9.168583947163304
STAT,1,YES,1893,13.91973041674831
STAT,2,YES,1761,9.805788417047815
STAT,1,YES,1892,13.922436454054811
STAT,2,YES,1762,10.215922679641416
STAT,1,YES,1891,13.92514289353106
STAT,2,YES,1763,10.468687711760897
STAT,1,YES,1890,13.9278492697745
STAT,2,YES,1764,10.601877577742718
SIM,1,NO,1893,4644
SIM,1,NO,1894,4582
SIM,1,NO,1895,4668
SIM,1,NO,1896,4610
SIM,1,NO,1897,4674
STAT,5+,NA,1952,9723.666169517779
SIM,1,NO,1898,4611
STAT,5+,NA,1953,9721.78156078725
SIM,1,NO,1899,4568
STAT,5+,NA,1950,9727.43654765451
STAT,5+,NA,1951,9725.551165600815
STAT,1,YES,1839,14.066184556847807
STAT,5+,NA,1956,9716.130054612353
STAT,5+,NA,1957,9714.246985937283
STAT,1,YES,1838,14.068965495335496
STAT,1,YES,1837,14.07174602356436
STAT,5+,NA,1954,9719.897339566473
STAT,1,YES,1836,14.074525689573242
STAT,5+,NA,1955,9718.013504859964
STAT,1,YES,1835,14.077303812965313
SIM,1,NO,1890,4632
STAT,1,YES,1834,14.080075650355274
SIM,1,NO,1891,4641
STAT,5+,NA,1958,9712.364295259757
STAT,1,YES,1833,14.082837464674599
SIM,1,NO,1892,4633
STAT,5+,NA,1959,9710.481978596019
STAT,1,YES,1832,14.085585320525489
STAT,1,YES,1842,14.057873105799128
STAT,5+,YES,1769,0.02352256488430009
STAT,1,YES,1841,14.060633187357528
STAT,1,YES,1840,14.063406504975024
STAT,5+,YES,1767,0.024662138004313872
STAT,5+,YES,1768,0.023213751715305493
STAT,5+,YES,1765,0.027086444421453994
STAT,5+,YES,1766,0.025958426782307698
STAT,2,NO,1918,2961.92765883104
STAT,5+,YES,1763,0.029352756042829456
STAT,2,NO,1919,2961.3535038914674
STAT,5+,YES,1764,0.028217666181746728
STAT,2,NO,1916,2963.075722414498
STAT,5+,YES,1761,0.03262497961521845
STAT,2,NO,1917,2962.5017346549853
STAT,5+,YES,1762,0.030996872361934234
STAT,2,NO,1914,2964.223456891758
STAT,2,NO,1915,2963.649625400256
STAT,5+,YES,1760,0.034086613553040886
STAT,2,NO,1912,2965.3710064342886
STAT,2,NO,1913,2964.797239664821
STAT,2,NO,1910,2966.5186750374346
STAT,2,NO,1911,2965.944800216622
SIM,1,NO,1882,4549
SIM,1,NO,1883,4651
STAT,2,NO,1920,2960.779288696365
SIM,1,NO,1884,4603
SIM,1,NO,1885,4651
SIM,1,NO,1886,4686
STAT,5+,NA,1941,9744.421609013243
SIM,1,NO,1887,4639
STAT,5+,NA,1942,9742.532973828987
SIM,1,NO,1888,4581
SIM,1,NO,1889,4596
STAT,5+,NA,1940,9746.310577503004
STAT,1,YES,1829,14.09372845543922
STAT,1,YES,1828,14.096417430256974
STAT,5+,NA,1945,9736.869115251997
STAT,1,YES,1827,14.09909223344857
STAT,5+,NA,1946,9734.981864905689
STAT,5+,NA,1943,9740.644676128111
STAT,1,YES,1826,14.10174782616179
STAT,1,YES,1825,14.104382369728942
STAT,5+,NA,1944,9738.756721208521
STAT,5+,NA,1949,9729.322312969647
STAT,1,YES,1824,14.107029745725178
STAT,1,YES,1823,14.109679613674514
SIM,1,NO,1880,4644
STAT,5+,NA,1947,9733.094976929642
STAT,1,YES,1822,14.112337725759312
SIM,1,NO,1881,4654
STAT,5+,NA,1948,9731.20845770276
STAT,1,YES,1821,14.114994956737073
STAT,1,YES,1831,14.088315667355934
STAT,1,YES,1830,14.091026179629106
STAT,5+,YES,1778,0.02246668623962489
STAT,5+,YES,1779,0.022580503153728265
STAT,5+,YES,1776,0.022729236709080513
STAT,5+,YES,1777,0.022636249962099828
STAT,2,NO,1929,2955.6138613492935
STAT,5+,YES,1774,0.022687343201575953
STAT,5+,YES,1775,0.02274079314104299
SIM,1,NO,1879,4600
STAT,2,NO,1927,2956.760729528925
STAT,5+,YES,1772,0.02293390236680254
STAT,2,NO,1928,2956.187188427245
STAT,5+,YES,1773,0.022344648494283078
STAT,2,NO,1925,2957.9083725474384
STAT,5+,YES,1770,0.023484061911269997
STAT,2,NO,1926,2957.3344660280604
STAT,5+,YES,1771,0.02331202388882527
STAT,2,NO,1923,2959.0565691860907
STAT,2,NO,1924,2958.4824184647814
STAT,2,NO,1921,2960.2050397338685
STAT,2,NO,1922,2959.630788397411
STAT,4,NA,2010,19779.233301917575
STAT,4,NA,2011,19775.39982518692
STAT,5+,NA,1930,9765.21893074266
STAT,5+,NA,1931,9763.326471088096
STAT,5+,NA,1934,9757.651367918426
STAT,4,NA,2016,19756.243630999616
STAT,2,YES,1787,10.445168079030077
STAT,5+,NA,1935,9755.760389803181
STAT,2,YES,1788,10.442729959111466
STAT,5+,NA,1932,9761.434398180807
STAT,1,YES,1859,14.011874257065738
STAT,2,YES,1789,10.440275601037659
STAT,1,YES,1858,14.014588609162642
STAT,5+,NA,1933,9759.54270072509
STAT,5+,NA,1938,9750.089505281681
STAT,1,YES,1857,14.017297793971254
STAT,5+,NO,2000,298.206981498027
STAT,4,NA,2012,19771.5670953015
STAT,5+,NA,1939,9748.19987658755
STAT,1,YES,1856,14.02000132425301
STAT,4,NA,2013,19767.735111700535
STAT,5+,NA,1936,9753.869757748713
STAT,1,YES,1855,14.022698683775179
STAT,5+,NO,2002,298.09141054959326
STAT,4,NA,2014,19763.90387367409
STAT,1,YES,1854,14.025391156231983
STAT,5+,NA,1937,9751.979464628494
STAT,4,NA,2015,19760.07338040276
STAT,5+,NO,2001,298.1491907855287
STAT,1,YES,1864,13.998237025275778
STAT,5+,NO,2004,297.9758807284112
STAT,2,YES,1790,10.437398080386886
STAT,1,YES,1863,14.000970128239913
STAT,5+,NO,2003,298.03364057974807
STAT,2,YES,1791,10.435335055774896
STAT,1,YES,1862,14.00370185304553
STAT,5+,NO,2006,297.86039112143857
STAT,2,YES,1792,10.433349336266815
STAT,1,YES,1861,14.006430671112039
STAT,5+,NO,2005,297.91813091425297
STAT,2,YES,1793,10.431229990983368
STAT,1,YES,1860,14.009154813791888
STAT,5+,NO,2008,297.74494183654804
STAT,4,NA,2009,19783.06752587073
STAT,2,YES,1794,10.429179830452119
STAT,5+,NO,2007,297.8026613954894
STAT,2,YES,1795,10.42698028824684
STAT,2,YES,1796,10.425039083803842
STAT,5+,NO,2009,297.6872325904199
STAT,2,YES,1797,10.423133045316696
SIM,5+,NO,1908,67
SIM,5+,NO,1909,61
SIM,5+,NO,1906,63
SIM,5+,NO,1907,77
STAT,5+,NA,1920,9784.166331147297
STAT,5+,NA,1923,9778.477710655705
STAT,2,YES,1798,10.421261928976326
STAT,5+,NA,1924,9776.58232790891
STAT,1,YES,1849,14.03883046208311
STAT,2,YES,1799,10.41942037402763
STAT,5+,NA,1921,9782.2697227714
STAT,1,YES,1848,14.041524261208261
STAT,1,YES,1847,14.044224302862087
STAT,5+,NA,1922,9780.373512048558
STAT,5+,NA,1927,9770.898735336354
STAT,1,YES,1846,14.046933577714004
STAT,1,YES,1845,14.0496550879878
STAT,5+,NA,1928,9769.005053690593
STAT,5+,NA,1925,9774.687370036081
STAT,1,YES,1844,14.052385118033161
STAT,1,YES,1843,14.055124455746538
STAT,5+,NA,1926,9772.792839440117
STAT,1,YES,1853,14.028079866768387
STAT,5+,YES,1758,0.036551241099784325
STAT,1,YES,1852,14.030766600409999
STAT,5+,YES,1759,0.03541610405203828
STAT,1,YES,1851,14.033452943550117
STAT,5+,NA,1929,9767.111788269094
STAT,5+,YES,1756,0.03456714161817229
STAT,1,YES,1850,14.036140677430673
STAT,5+,YES,1757,0.03572383579544916
STAT,2,NO,1909,2967.0926902556894
STAT,5+,YES,1755,0.03303388436528949
STAT,2,NO,1907,2968.2413802829496
STAT,2,NO,1908,2967.666905892279
SIM,5+,NO,1900,75
STAT,2,NO,1905,2969.3913158721853
SIM,5+,NO,1901,62
STAT,2,NO,1906,2968.816167342115
STAT,2,NO,1903,2970.5428507044558
STAT,2,NO,1904,2969.966867928477
SIM,5+,NO,1904,55
STAT,2,NO,1901,2971.696129254133
SIM,5+,NO,1905,66
STAT,2,NO,1902,2971.1192748224184
SIM,5+,NO,1902,81
SIM,5+,NO,1903,83
STAT,2,NO,1900,2972.2733818069923
SIM,5+,NO,1919,68
STAT,2,NO,1952,2942.468598275081
STAT,2,NO,1953,2941.8980712686853
SIM,5+,NO,1917,74
STAT,2,NO,1950,2943.6099870263783
SIM,5+,NO,1918,86
STAT,2,NO,1951,2943.0392412161295
SIM,1,NO,1854,4640
SIM,1,NO,1855,4648
SIM,1,NO,1856,4687
STAT,5+,NA,1912,9799.351529907894
STAT,5+,NA,1913,9797.452329437247
STAT,5+,NA,1910,9803.150744268372
STAT,5+,NA,1911,9801.251001529425
STAT,5+,NA,1916,9791.756415921645
STAT,5+,NA,1917,9789.858382354409
STAT,5+,NA,1914,9795.553403659043
STAT,5+,NA,1915,9793.65476203195
STAT,5+,NA,1918,9787.960678313662
STAT,5+,NA,1919,9786.0633217458
SIM,5+,NO,1911,69
SIM,5+,NO,1912,55
STAT,2,NO,1958,2939.0475250795885
SIM,5+,NO,1910,57
STAT,2,NO,1959,2938.477872245553
SIM,5+,NO,1915,78
STAT,2,NO,1956,2940.187296382707
SIM,5+,NO,1916,69
STAT,2,NO,1957,2939.6173333235006
SIM,5+,NO,1913,79
STAT,2,NO,1954,2941.3276721660636
SIM,5+,NO,1914,72
STAT,2,NO,1955,2940.7574111922404
STAT,2,NO,1963,2936.2007501677776
STAT,2,NO,1964,2935.631811094323
SIM,5+,NO,1928,64
STAT,2,NO,1961,2937.339023667434
SIM,5+,NO,1929,76
STAT,2,NO,1962,2936.7698183804737
STAT,4,NA,2000,19817.609122094425
STAT,2,NO,1960,2937.9083730660313
STAT,5+,NA,1901,9820.263171958999
STAT,4,NA,2005,19798.411893801207
STAT,5+,NA,1902,9818.360184504214
STAT,4,NA,2006,19794.57468158574
STAT,4,NA,2007,19790.738215882728
STAT,5+,NA,1900,9822.166652796626
STAT,4,NA,2008,19786.90249721289
STAT,5+,NA,1905,9812.653913322143
STAT,4,NA,2001,19813.768190942796
STAT,5+,NA,1906,9810.752621152324
STAT,4,NA,2002,19809.928001438224
STAT,5+,NA,1903,9816.457664944483
STAT,4,NA,2003,19806.088554691098
STAT,5+,NA,1904,9814.555585003352
STAT,4,NA,2004,19802.249851802804
STAT,5+,NA,1909,9805.05076253684
STAT,5+,NA,1907,9808.851681109465
STAT,5+,NA,1908,9806.951069109266
SIM,5+,NO,1922,52
SIM,5+,NO,1923,73
SIM,5+,NO,1920,70
STAT,2,NO,1969,2932.7887711672624
SIM,5+,NO,1921,68
SIM,5+,NO,1926,70
STAT,2,NO,1967,2933.925686059873
SIM,5+,NO,1927,72
STAT,2,NO,1968,2933.357182717467
SIM,5+,NO,1924,68
STAT,2,NO,1965,2935.0629928280287
SIM,5+,NO,1925,81
STAT,2,NO,1966,2934.49428709221
SIM,1,NO,1871,4679
SIM,3,NO,1997,1502
STAT,2,NO,1930,2955.040760270683
SIM,1,NO,1872,4623
SIM,3,NO,1996,1471
STAT,2,NO,1931,2954.46789088361
SIM,1,NO,1873,4591
SIM,3,NO,1995,1492
SIM,5+,NO,1939,59
SIM,1,NO,1874,4655
SIM,3,NO,1994,1544
SIM,1,NO,1875,4629
SIM,1,NO,1876,4631
SIM,1,NO,1877,4610
SIM,3,NO,1999,1454
STAT,1,YES,1819,14.120346183144953
SIM,1,NO,1878,4634
SIM,3,NO,1998,1547
STAT,1,YES,1818,14.123061857299422
STAT,1,YES,1817,14.125810295828392
STAT,1,YES,1816,14.128583554216263
STAT,1,YES,1815,14.131385232844954
STAT,1,YES,1814,14.134197807394546
SIM,3,NO,1993,1500
STAT,1,YES,1813,14.137037015983232
SIM,3,NO,1992,1509
STAT,1,YES,1812,14.139906169053116
SIM,3,NO,1991,1511
STAT,1,YES,1811,14.14281293172855
SIM,1,NO,1870,4618
SIM,3,NO,1990,1476
STAT,1,YES,1810,14.14575453025624
STAT,1,YES,1820,14.117652266914536
STAT,5+,YES,1789,0.022588543612063423
STAT,5+,YES,1787,0.02260908488987389
SIM,5+,NO,1930,70
STAT,5+,YES,1788,0.022580839623434365
STAT,5+,YES,1785,0.022633154219311336
STAT,5+,YES,1786,0.022625006855529862
SIM,1,NO,1868,4748
SIM,5+,NO,1933,70
STAT,2,NO,1938,2950.4635581817347
STAT,5+,YES,1783,0.02261786534207948
SIM,1,NO,1869,4648
SIM,5+,NO,1934,67
STAT,2,NO,1939,2949.892114575784
STAT,5+,YES,1784,0.022634115558051688
SIM,5+,NO,1931,54
STAT,2,NO,1936,2951.6067922164025
STAT,5+,YES,1781,0.022622596477185786
SIM,5+,NO,1932,75
STAT,2,NO,1937,2951.0351100802022
STAT,5+,YES,1782,0.022626605655456933
SIM,5+,NO,1937,63
STAT,2,NO,1934,2952.750635380032
SIM,5+,NO,1938,84
STAT,2,NO,1935,2952.1786267406474
STAT,5+,YES,1780,0.02260610972381612
SIM,5+,NO,1935,62
STAT,2,NO,1932,2953.89525243828
SIM,5+,NO,1936,77
STAT,2,NO,1933,2953.322838197361
SIM,1,NO,1860,4635
SIM,3,NO,1986,1462
STAT,2,NO,1941,2948.7494730654294
SIM,1,NO,1861,4571
SIM,3,NO,1985,1496
STAT,2,NO,1942,2948.178243018105
SIM,1,NO,1862,4644
SIM,3,NO,1984,1491
SIM,1,NO,1863,4670
SIM,3,NO,1983,1553
STAT,2,NO,1940,2949.320758801763
SIM,1,NO,1864,4649
SIM,1,NO,1865,4618
SIM,3,NO,1989,1470
STAT,1,YES,1809,14.148601461981986
SIM,1,NO,1866,4622
SIM,3,NO,1988,1485
STAT,1,YES,1808,14.151454570233708
SIM,1,NO,1867,4625
SIM,3,NO,1987,1477
STAT,1,YES,1807,14.154292273961632
STAT,1,YES,1806,14.15716188447083
STAT,1,YES,1805,14.160049018106163
STAT,1,YES,1804,14.162768960996068
STAT,1,YES,1803,14.165463308307771
SIM,3,NO,1982,1503
STAT,1,YES,1802,14.168112802378156
SIM,3,NO,1981,1489
STAT,1,YES,1801,14.170754792773241
SIM,3,NO,1980,1515
STAT,1,YES,1800,14.173394367135577
SIM,5+,NO,1940,68
STAT,5+,YES,1798,0.022540069195191196
SIM,5+,NO,1941,72
STAT,5+,YES,1799,0.022535664944178302
STAT,5+,YES,1796,0.022549289576249295
STAT,5+,YES,1797,0.02254457492181417
SIM,1,NO,1857,4658
SIM,5+,NO,1944,72
STAT,2,NO,1949,2944.180822140692
STAT,5+,YES,1794,0.022560738440430356
SIM,1,NO,1858,4628
SIM,5+,NO,1945,60
STAT,5+,YES,1795,0.02255390426907255
SIM,1,NO,1859,4696
SIM,5+,NO,1942,54
STAT,2,NO,1947,2945.322707330648
STAT,5+,YES,1792,0.022570802936947378
SIM,5+,NO,1943,58
STAT,2,NO,1948,2944.751733114839
STAT,5+,YES,1793,0.02256545119655213
SIM,5+,NO,1948,63
STAT,2,NO,1945,2946.464804017884
STAT,5+,YES,1790,0.022578554250356937
SIM,5+,NO,1949,61
STAT,2,NO,1946,2945.8937337886623
STAT,5+,YES,1791,0.022574276392736542
SIM,5+,NO,1946,71
STAT,2,NO,1943,2947.6070583327514
SIM,5+,NO,1947,55
STAT,2,NO,1944,2947.0359127492748
